,advertiser,store_private,ad_title,location,condition,price,ad_description,ad_id,date_of_publishing,number_of_showings
0,Tomominirent,oglasivaca,iphone 11 64b top stanje,Grad Zagreb,rabljeno,250,iphone 11 u super stanju sve radi fantasticno zdravlje baterije na 92 posto. kutija punjac uz njega. zvati na 0919433530,40022374,20.12.2023.,3114
1,TECHNOSTORE,trgovine,apple iphone 11 64gb nov dostava garancija ,Zagrebačka,rabljeno,399,uredjaj je izlozbeni kao nov folija na ekranu dolazi sa svom opremom adapter i kabel original 100% baterija 12mj jamstvo kontakt 091 895 0096. dostupan u vise boja mi smo web trgovina i izdajemo racun na ime moze i r1 uz ovjereno jamstvo od 12 mjeseci u ovlastenom servisu od datuma kupnje. dostava na podrucju cijele rh dostavnom sluzbom dpd izdajemo r 1 racun. narudzbu mozete izvrsiti na sljedece nacine tel 091 895 0096 dominik tel 099 4111 768 mail prodaja technostore.hr web www.technostore.hr tehnicke specifikacije uredjaja pogledajte na www.technostore.hr u nasoj web trgovini mozete platiti... kreditnom karticom amex diners i zaba maestro na do 24 rata jednokratno ili na obroke do 12 obroka ... ... opcom uplatnicom virmanom internet bankarstvom ili gotovinom prilikom dostave paketa. korisnik prilikom kupovine samostalno bira nacin placanja kojim ce izvrsiti placanje. ako kupac odabere placanja na transakcijski racun slanje robe biti ce izvrseno nakon zaprimljene uplate. placanje kreditnim karticama jednokratno diners discover maestro mastercard i visa obrocno diners od 2 do 24 rate zaba do 12 rata pbz do 12 rata mb plus od 2 do 12 rata . u mbnet grupaciji su sljedece banke erste steiermarkische bank d.d. istarska kreditna banka umag d.d. sberbank d.d. kent banka agram banka d.d. slatinska banka d.d na nasoj web trgovini dostupni su i drugi modeli po najpovoljnijim cijenama ostale oglase mozete pogledati klikom na svi oglasi ovog oglasivaca u donjem desnom kutu. unaprijed vam hvala na povjerenju i daljnoj suradnji ,30723566,20.12.2023.,2769
2,ElektronikOutlet,oglasivaca,apple iphone 11 novo 99% zdravlje baterije gratis 3d,Grad Zagreb,rabljeno,390,apple iphone 11 64gb perfektno stanje kao novo izlozbeni primjerak originalna oprema kutija i sve ostalo apple case apple fast charger 3d kaljeno prednje zastitno staklo 3d staklo za kameru tvornicki otkljucan na sve mreze zdravlje baterije 99% redovita cijena 590 snizena cijena 380 tel. 095 5197219 moguce preuzimanje u zagrebu ili slanje postom pouzecem na trosak primatelja.,41414861,20.12.2023.,3409
3,battlenetacc123,oglasivaca,iphone 11,Varaždinska,rabljeno,200,prodajem iphone 11 64 gb ko novi star godinu dana ocuvan 10 10 bez ostecenja,42336032,20.12.2023.,36
4,eltrondd,oglasivaca,iphone 11 128gb crni sve mreze bat 100% dostava,Grad Zagreb,rabljeno,299,iphone 11 128gb mobitel doslovce ko novi tvornicki odklj na sve mreze baterija 100% dolazi sa brzim punjacem moguca osobna dostava zg ostatak hr hpexpress ili gls 0996707567,37101234,20.12.2023.,7441
5,bradanovic,oglasivaca,prodajem iphone 11,Grad Zagreb,rabljeno,250,prodajem crveni iphone 11.bez ostecenja radi besprijekorno.sadrzi 64gb.,42335373,20.12.2023.,26
6,bradanovic,oglasivaca,iphone 11 64gb,Grad Zagreb,rabljeno,250,prodajem iphone 11 tirkizne boje u vrlo dobrom stanju.,40793201,20.12.2023.,922
7,iMOBILE,trgovine,prodajem apple iphone 11 sve mreze garancija 3mj.,Vukovarsko-srijemska,rabljeno,299, imobile shop j.j.strossmayera 21 32000 vukovar kontakt broj 098 681 478 098 911 6590 prodajem apple iphone 11 64gb kupljen kao slobodan uredjaj 85% zdravlje baterije radi na sve mreze bijela boja ocuvan max. uz mobitel ide kutija punjac usb kabal sim iglica garancija 3mj. racun ne saljem tiskom cijena 300 00 2.252 82kn opcije placanja gotovina kartice moguce placanje na rate karticama pbz erste do 12 rata navedena cijena je iskljucivo za gotovinsko placanje facebook.com imobile.vu instagram.com imobile.shop sve info na 098 681 478 098 911 6590,41921867,20.12.2023.,599
8,tomi12,oglasivaca,iphone 11 kao nov,Grad Zagreb,rabljeno,299,mobitel je bez ogrebotine stalno u zastitnoj maskici i s kaljenim staklom stanje 10 10. sva oprema kutija punjac.,42234452,20.12.2023.,127
9,Lipa2021,oglasivaca,iphone 11,Karlovačka,rabljeno,190,prodaje se iphone 11. na broj 097 6491 039,42138354,20.12.2023.,232
10,IvaStankaB,oglasivaca,iphone 11 64gb crni,Grad Zagreb,rabljeno,350,prodajem iphone 11 64gb crne boje. mobitel je star 2 godine nema nijednu ogrebotinu na sebi cijelo vrijeme nosen s maskicom . prodaje se sa vec stavljenim zastitnim staklom na ekranu stavljeno prije cca mjesec dana . prodaje se s adapterom i kabelom orginalno dobivenim uz uredjaj. u potpunosti je vracen na tvornicke postavke. nikada nije bilo nikakvih problema s njime i nikada nije bio ni na kakvoj vrsti popravka. razlog prodaje je dobiven novi mobitel.,42139817,20.12.2023.,604
11,dt9,oglasivaca,iphone 11 black 256gb star 2.5 godine ocuvan sve radi top zamjena,Krapinsko-zagorska,rabljeno,280,iphone 11 crne boje veca memorija 256gb sa opremom kabel adapter nov iglica za sim . mob stalno u spigen maskici poklon kupcu. zdravlje baterije 85%. cijena fiksna. radi na sve mreze. moze zamjena za mobitel prednost samsung s22 s21 s23 note 30 20 huawei p30 p40 mate 20 10 iphone 14 13 12 xs x xr playstation 4 ili 5.. doplate po dogovoru. ponude za zamjenu prvenstveno na mail a moze i sms ili viber whatsapp.. takodjer molim kada saljete ponudu za zamjenu da u tekstu navedete bitne podatke o vasem uredjaju kao sto su tocan model starost stanje papiri racun garancija ovjerena oprema sto sve ide uz uredjaj gdje se nalazite gdje bi se nasli te obavezno iznos koji nudite trazite u predlozenoj kombinaciji. zahvaljujem se unaprijed. saljem overseas express 7 placanje po preuzimanju. kupujte sigurno network technology gsm cdma hspa evdo lte launch announced 2019 september 10 status available. released 2019 september 20 body dimensions 150.9 x 75.7 x 8.3 mm 5.94 x 2.98 x 0.33 in weight 194 g 6.84 oz build glass front gorilla glass glass back gorilla glass aluminum frame 7000 series sim single sim nano sim and or esim or dual sim nano sim dual stand by for china ip68 dust water resistant up to 2m for 30 mins apple pay visa mastercard amex certified display type liquid retina ips lcd 625 nits typ size 6.1 inches 90.3 cm2 79.0% screen to body ratio resolution 828 x 1792 pixels 19.5 9 ratio 326 ppi density protection scratch resistant glass oleophobic coating true tone wide color gamut platform os ios 13 upgradable to ios 14 chipset apple a13 bionic 7 nm cpu hexa core 2x2.65 ghz lightning 4x1.8 ghz thunder gpu apple gpu 4 core graphics memory card slot no internal 64gb 4gb ram 128gb 4gb ram 256gb 4gb ram nvme main camera dual 12 mp f 1.8 26mm wide 1 2.55 1.4 m dual pixel pdaf ois 12 mp f 2.4 13mm ultrawide 1 3.6 features quad led dual tone flash hdr photo panorama video 4k 24 30 60fps 1080p 30 60 120 240fps hdr stereo sound rec. selfie camera dual 12 mp f 2.2 23mm wide 1 3.6 sl 3d depth biometrics sensor features hdr video 4k 24 30 60fps 1080p 30 60 120fps gyro eis sound loudspeaker yes with stereo speakers 3.5mm jack no comms wlan wi fi 802.11 a b g n ac 6 dual band hotspot bluetooth 5.0 a2dp le gps yes with a gps glonass galileo qzss nfc yes radio no usb lightning usb 2.0 features sensors face id accelerometer gyro proximity compass barometer siri natural language commands and dictation battery type li ion 3110 mah non removable 11.91 wh charging fast charging 18w 50% in 30 min advertised usb power delivery 2.0 qi wireless charging talk time up to 17 h multimedia music play up to 65 h misc colors black green yellow purple red white models a2221 a2111 a2223 sar 1.09 w kg head 1.18 w kg body sar eu 0.95 w kg head 0.99 w kg body price 628.02 677.69 629.00 61 990 tests performance antutu 419453 v7 geekbench 13882 v4.4 gfxbench 60fps es 3.1 onscreen display contrast ratio 1505 1 nominal camera photo video loudspeaker voice 70db noise 72db ring 76db audio quality noise 94.2db crosstalk 80.8db battery life endurance rating 94h,36543423,20.12.2023.,1038
12,Dombac4525,oglasivaca,prodajem iphone 11 super stanje ,Grad Zagreb,rabljeno,250,prodajem iphone 11 super stanje. molimo zvati na 098208308,42331381,19.12.2023.,107
13,ddunaj,oglasivaca,iphone 11 128 gb product red,Grad Zagreb,rabljeno,290,mobitel star 3 godine radi odlicno uscuvan od prvog dana koristene zastitne maske te zastite stakla i za ekran i za kamere. zdravlje baterije 78% sto je sasvim dovoljno za jedan dan normalnog koristenja. jedina mana je sto ponekad steka tipka za paljenje gasenje tona. u originalnoj kutiji. prodaje se zbog kupovine novog mobitela.,42330198,19.12.2023.,79
14,Toma0639,oglasivaca,iphone 11,Krapinsko-zagorska,rabljeno,190,prodajem iphone 11 64gb black. kaljeno staklo na uredjaju od prvog dana ekran doslovno kao nov. sa bocnih strana vidljivi manji tragovi koristenja. zdravlje baterije 74% meni i dalje baterija izdrzi citav dan . mobitel radi odlicno. uz mobitel idu dvije maskice punjac kutija i kaljeno staklo.,42330098,19.12.2023.,60
15,jadrandiver,oglasivaca,iphone 11 64gb,Primorsko-goranska,rabljeno,210,iphone 11 64 gb ocuvan prvi vlasnik zdravlje baterije 81%,42273027,19.12.2023.,274
16,aspireone1,oglasivaca,iphone 11 128gb white,Varaždinska,rabljeno,220,prodajem navedeni uredaj star 3g ima par tragova koristenja nista sto utjece na rad uredaja. autonomija je solidna baterija drzi 1 cijeli dan ucestalog koristenja. uz mobitel ise kutija i 2 maskice. svaka provjera je moguca. zamjene me ne zanimaju cijena je fiksna.,42329983,19.12.2023.,31
17,Slavica4403,oglasivaca,iphone 11 ljubicasti 64gb,Grad Zagreb,rabljeno,230, prodajem iphone 11 ljubicasti 64gb koristila sam ga godinu i pol na mobitelu sve radi zdravlje baterije 82% na poklon 18 maskica za mobitel od toga 4 prozirne koje su skroz nove,42113664,19.12.2023.,632
18,filipusis5,oglasivaca,iphone 11 64gb,Požeško-slavonska,rabljeno,250,prodajem iphone 11 64gb ispravan ocuvan,42046765,19.12.2023.,93
19,tomos6s,oglasivaca,iphone 11 black 64 gb 100% baterija nove bluetooth slusalice,Međimurska,rabljeno,270,prodajem iphone 11 black 64 gb nova original baterija zdravlje baterije 100% nova oem ekran bez ijednog ostecenja icloud otkljucan free faceid ne radi true tone radi otkljucan na sve operatere prednja i zadnja kamera rade perfektno mute switch i ostale tipke rade novo kaljeno staklo poklanjam uz mobitel original kutija i papiri od mobitela dobije se nova silikonska prozirna maska novi nikad koristen brzi punjac i kabel 0 50% za 30 min stanje 9 5 10 za sva pitanja pisite na njuskalo whatsapp viber ili nazovite 0989404889. vikendima moguca dostava na relaciji cakovec krizevci koprivnica bjelovar daruvar,42328920,19.12.2023.,32
20,Rina69,oglasivaca,prodajem iphone 11,Grad Zagreb,rabljeno,220,mobitel u potpunosti ocuvan bez ogrebotina. 64gb kapacitet baterije 83% dolazi sa orginal slusalicama i usb lightning kabelom. uz mobitel poklanjamo i masku spingen koristena .,42328717,19.12.2023.,112
21,LM157,oglasivaca,iphone 11 star 3 godine,Grad Zagreb,rabljeno,200,prodajem iphone 11 star 3 godine. prvi kupac bez ostecenja dolazi sa originalnom kutijom i extra crnom maskicom. 64 gb i zdravlje baterije 80%. imam novi mobitel te zato prodajem stari. nalazenje uzivo u zagrebu placanje u gotovini pri sastajanju.,42327602,19.12.2023.,109
22,igricija,oglasivaca,iphone 11,Grad Zagreb,rabljeno,300,iphone 11 128gb memorije mint boja 77% zdravlje baterije dodaci uz mobitel kutija zica od punjaca dvije maskice prilozene u slikama ocuvano zastitno staklo na mobitelu mobitel je rabljen ali ocuvan. nema nikakvih ogrebotina i prodaje se jer sam dobila novi mobitel kao poklon. molim vas da zovete na dodatni broj a ne primarni pa se za detalje dogovorimo preko telefona.,42008117,19.12.2023.,913
23,Minnizmajo,oglasivaca,iphone 11 64gb baterija na 88%,Splitsko-dalmatinska,rabljeno,270,mobitel je maksimalno ocuvan radi na sve mreze stavljena je nova baterija dolazi uz kutiju i dostupan je crni s baterijom na 88% 270e vise info na 0953513552,41650553,19.12.2023.,484
24,Maremed,oglasivaca,iphone 11 64gb crni sve ispravno,Splitsko-dalmatinska,rabljeno,250,iphone 11 64gb crni sve ispravno radi samo split trogir i omis ne saljem postom bez zamjena odgovaram samo na poziv ,42266998,19.12.2023.,57
25,teamis,oglasivaca,kao nov iphone 11 256gb zuti,Grad Zagreb,rabljeno,480,iphone 11 256 gb zuti ocuvan kao nov bez ijedne ogrebotine prodaja uz novu prozirnu zastitnu masku i novu prednju zastitnu masku od kaljenog stakla bez i najmanjih ostecenja. punjac ukljucen u cijenu. razlog prodaje kupnja novijeg modela. maksimalni kapacitet baterije 86% osobna primopredaja na podrucju zagreba. ne pristajem na zamjene. ne saljem posiljku u inozemstvo.,42323930,18.12.2023.,143
26,mihaelammmj,oglasivaca,iphone 11 64 gb crni nema zamjena,Grad Zagreb,rabljeno,230,poptuno ispravan iphone 64 u super stanju.,42323877,18.12.2023.,136
27,matijasviben,oglasivaca,apple iphone 11 64gb crni black,Grad Zagreb,rabljeno,200,prodajem mobitel iz naslova koristen kao poslovni ali u odlicnom stanju. ima par sitnih ogrebotina na prednjem staklu spada u koristeno stanje stvarno su jedva vidljive ogrebotine ostalo kao novo. uz njega ide original punjac power adapter slusalice sve malo koristeno dvije maskice. silikonska je koristena a aluminijska frame je nekoristena. kupljen u hr t com poslovni mobitel baterija na 72%. uredjaj radi bez ikakvih problema odlicno me sluzio protekle dvije godine tako ce sigurno i nastaviti. prodajem radi kupovine novog iphone a. iskljucivo primorepdaja u zagrebu ili okolici.,42049433,18.12.2023.,869
28,SKYBunner,oglasivaca,iphone 11 64gb,Grad Zagreb,rabljeno,190,prodajem iphone 11 64gb. mobitel je od prvog dana kod mene. mobitel je u izvanrednom stanju. zdravlje baterije je 83% te baterija drzi cijeli dan. uz mobitel dolazi kutija sa kabelom za punjenje.,42321348,18.12.2023.,224
29,paularaljerka,oglasivaca,iphone 11 black 64gb,Grad Zagreb,rabljeno,220,prodajem iphone 11 black 64gb. kupljen 2021 godine. vidljivi tragovi koristenja na kucistu minimalno na ekranu povrsinske ogrebotine vidljive na slici. zdravlje baterije 88%. sve radi ispravno. ne ukljucuje punjac.,42130536,18.12.2023.,614
30,2touch,oglasivaca,iphone 11,Zagrebačka,rabljeno,140,ispravan jedna crta u donjem desnom kutu ne smeta za rad.. kutija maskica punjac baterija 83% prodaja ili zamj za android kontakt moze i sms,42320129,18.12.2023.,247
31,Novska Zalagaonica,trgovine, jamstvo iphone 11 64gb trgovina r1 rate zalagaonica novska,Sisačko-moslavačka,rabljeno,319, www.novskazalagaonica.com jamstvo 3 mj od kupnje zdravlje baterije 100% koristeni artikl otkljucan na sve mreze sto dolazi u paketu mogucnost kupnje zastitnog stakla zastitne maske 9 99 kabel 1 0m za punjenje racun jamstveni list mogucnost zamjene za staro za novo vrijedi za sve nase oglase opcije placanja pouzecem po predracunu internet bankarstvom ili uplatnicom kartice jednokratno i obrocno do 12 rate visa pbz mogucnost izdavanja r 1 racuna racun se izdaje prema posebnom postupku oporezivanja marze sukladno clanku 95. stavka 4. zakona o porezu na dodanu vrijednost nn br. 73 13 . pdv je sadrzan u cijeni a obracunava se na ostvarenu marzu. pravni subjekti iznos u trosak da odbitak poreza ne novska zalagaonica potocna ulica 22 novska email novskazalagaonica gmail.com tel 385 95 5757101 molimo ostavite poruku ako nas ne mozete dobiti telefon ,42222219,18.12.2023.,118
32,Novska Zalagaonica,trgovine, jamstvo iphone 11 64gb trgovina r1 rate zalagaonica novska,Sisačko-moslavačka,rabljeno,319, www.novskazalagaonica.com jamstvo 3 mj od kupnje zdravlje baterije 100% koristeni artikl otkljucan na sve mreze sto dolazi u paketu mogucnost kupnje zastitnog stakla zastitne maske 9 99 kabel 1 0m za punjenje racun jamstveni list mogucnost zamjene za staro za novo vrijedi za sve nase oglase opcije placanja pouzecem po predracunu internet bankarstvom ili uplatnicom kartice jednokratno i obrocno do 12 rate visa pbz mogucnost izdavanja r 1 racuna racun se izdaje prema posebnom postupku oporezivanja marze sukladno clanku 95. stavka 4. zakona o porezu na dodanu vrijednost nn br. 73 13 . pdv je sadrzan u cijeni a obracunava se na ostvarenu marzu. pravni subjekti iznos u trosak da odbitak poreza ne novska zalagaonica potocna ulica 22 novska email novskazalagaonica gmail.com tel 385 95 5757101 molimo ostavite poruku ako nas ne mozete dobiti telefon ,42320099,18.12.2023.,78
33,miaa1122,oglasivaca,iphone 11 128 gb,Šibensko-kninska,rabljeno,350,prodajem iphone 11 128 gb. baterija na 92%. uz mobitel dobijete kutiju i punjac. mobitel u odlicnom stanju bez ogrebotina. moguca primopredaja u sibeniku i splitu. broj 0977986304,42319912,18.12.2023.,20
34,tomizghr,oglasivaca,iphone 11 64 gb,Grad Zagreb,rabljeno,215,u odlicnom stanju kao sto se vidi na slikama. baterija 82% star 3 godine racun bez punjaca.,42319905,18.12.2023.,189
35,PRODAJA/OTKUP/ZAMJENA/ZALAGAONICA *Sve na jednom mjestu MixSHOP*,trgovine,apple iphone 11 64gb purple ljubicasti kao nov garancija zamjena da ,Splitsko-dalmatinska,rabljeno,435, sve na jednom mjestu mixshop prodaje se apple iphone 11 64gb 64 gb mobitel kratko koristen uredjaj perfektno stanje kao novo originalna oprema kutija i sve ostalo tvornicki otkljucan na sve mreze garancija na sve nase uredjaje vrsimo i zamjenu staro za novo novo za staro i sve ostale kombinacije uz dogovorenu nasu ili vasu nadoplatu kontakt telefoni tel 1 00385 95 3 666 666 zbog problema sa mrezom na ovom broju trenutno nismo u mogucnosti odgovarati na telefonske pozive ali whatsapp i viber su uvijek dostupni tel 2 00387 63 066 666 ovaj broj je dostupan za sve tel. poziv whatsapp viber web stranica www.mixshop6.com facebook stranica mixshop instagram profil mixshop ljubuski vrsimo i slanje brzom postom placanje pri preuzimanju paketa. troskove dostave je potrebno uplatiti prije samog slanja paketa kao osiguranje da ce posiljka biti preuzeta naruceni proizvod placate pri preuzimanju. za narudzbu trebate ostaviti vase ime i prezime adresu broj telefona,35410525,18.12.2023.,2582
36,PRODAJA/OTKUP/ZAMJENA/ZALAGAONICA *Sve na jednom mjestu MixSHOP*,trgovine,apple iphone 11 128gb white bijeli kao nov garancija zamjena da 128,Splitsko-dalmatinska,rabljeno,499, sve na jednom mjestu mixshop prodaje se apple iphone 11 128gb 128 gb mobitel kratko koristen uredjaj perfektno stanje kao novo originalna oprema kutija i sve ostalo tvornicki otkljucan na sve mreze garancija na sve nase uredjaje vrsimo i zamjenu staro za novo novo za staro i sve ostale kombinacije uz dogovorenu nasu ili vasu nadoplatu kontakt telefoni tel 1 00385 95 3 666 666 zbog problema sa mrezom na ovom broju trenutno nismo u mogucnosti odgovarati na telefonske pozive ali whatsapp i viber su uvijek dostupni tel 2 00387 63 066 666 ovaj broj je dostupan za sve tel. poziv whatsapp viber web stranica www.mixshop6.com facebook stranica mixshop instagram profil mixshop ljubuski vrsimo i slanje brzom postom placanje pri preuzimanju paketa. troskove dostave je potrebno uplatiti prije samog slanja paketa kao osiguranje da ce posiljka biti preuzeta naruceni proizvod placate pri preuzimanju. za narudzbu trebate ostaviti vase ime i prezime adresu broj telefona,35410479,18.12.2023.,1149
37,lulino,oglasivaca,iphone 11,Primorsko-goranska,rabljeno,200,prodajem iphone 11 star 3 godine baterija 83 % kao nov,42319131,18.12.2023.,70
38,smart_8888,oglasivaca,apple iphone 11 64gb black kao novi sve mreze racun garancija,Primorsko-goranska,rabljeno,290,apple iphone 11 64 gb black kao novi s originalnom opremom zdravlje baterije 92% racun garancija do 31.12.23. radi na sve mreze moze se preuzeti u rijeci ili saljemo dpd om.,42051891,18.12.2023.,75
39,bluebird1,oglasivaca,iphone 11 64gb crni original oprema dostava rh,Grad Zagreb,rabljeno,220,aparat dolazi sa kutijom i opremom uredno stanje ima par manje primjetnih crtica ispod kaljenog stakla slike crna boja 6.1 inca veliki ekran zdravlje baterije 99% moze dostava rh,42046344,18.12.2023.,883
40,vexy1986,oglasivaca,iphone 64 gb crni,Zagrebačka,rabljeno,250,prodajem koristeni iphone11 64gb ocuvan bez ostecenja i bez ogrebotina. baterija 83% originalan i rabljeni punjac. maskicu poklanjam.,42190215,17.12.2023.,157
41,Splitsplit099,oglasivaca,iphone 11 64gb odlicno sacuvan,Splitsko-dalmatinska,rabljeno,300,prodajem koristeni iphone11 64gb ocuvan bez ostecenja i bez ogrebotina. 098 954 1584,42223944,17.12.2023.,29
42,Alpha servis,trgovine,apple iphone 11 64gb rabljeno rate zamjena 2242,Osječko-baranjska,rabljeno,300,uredjaj apple iphone 11 64gb stanje uredjaja rabljeno jamstvo na uredjaj jamstvo tri mjeseca originalni datum kupnje pisana garancija uz svaki uredjaj zdravlje baterije 100% mreze slobodan uredjaj cijena za gotovinu 300 00 cijena za kartice 330 00 svi rabljeni uredjaji su testirani ostecenja prikazana na slikama ukoliko postoje. garancija na polovne uredjaje moze biti tvornicka ukoliko uz uredjaj ide tvornicki racun ili 3 mjeseca garancija alpha servisa ukoliko uredjaj nema tvornicko jamstvo. mogucnost placanja na rate karticama pbz erste zagrebacke i american express banke do 12 rata i diners do 36 rata. u ponudi veliki izbor mobilnih telefona i dodatne opreme za mobilne telefone brzi servis mobilnih telefona brzo i efikasno rjesavamo sve probleme na mobilnim telefonima.,37124256,17.12.2023.,1126
43,Alpha servis,trgovine,apple iphone 11 64gb rabljeno rate zamjena 2069,Osječko-baranjska,rabljeno,300,uredjaj apple iphone 11 64gb stanje uredjaja rabljeno jamstvo na uredjaj jamstvo 3 mjeseca originalni datum kupnje pisana garancija uz svaki uredjaj zdravlje baterije 89% mreze slobodan uredjaj cijena za gotovinu 300 00 cijena za kartice 330 00 svi rabljeni uredjaji su testirani ostecenja prikazana na slikama ukoliko postoje. garancija na polovne uredjaje moze biti tvornicka ukoliko uz uredjaj ide tvornicki racun ili 3 mjeseca garancija alpha servisa ukoliko uredjaj nema tvornicko jamstvo. mogucnost placanja na rate karticama erste pbz zagrebacka i american express do 12 rata te diners do 36 rata . u ponudi veliki izbor mobilnih telefona i dodatne opreme za mobilne telefone brzi servis mobilnih telefona brzo i efikasno rjesavamo sve probleme na mobilnim telefonima.,36959614,17.12.2023.,1673
44,minsc1610,oglasivaca,iphone 11 128 gb,Osječko-baranjska,rabljeno,260,zdravlje baterije 87% 128gb cuvan malo koristen. u originalnoj kutiji slusalice. cijena 260 eura punjac 10 eura,42300113,17.12.2023.,36
45,njuska0006,oglasivaca,iphone 11 black 64gb,Zagrebačka,rabljeno,330,prodajem iphone 11 black 64 gb. baterija na 92%. kutija racun usb kabel. cijelo vrijeme u maskici ima tragove koristenja po ekranu. stanje odlicno.,42279157,17.12.2023.,380
46,nn7b1,oglasivaca,iphone 11 64gb gratis 3 maskice kaljeno staklo spy proof ,Grad Zagreb,rabljeno,250,prodajem iphone 11 razlog kupio sam novi mobitel mobitel ima kaljeno staklo odostraga radi kao novi stanje odlicno 64gb stanje baterije 84%. maskice i kaljeno na poklon. cijena nije fiksna.,42069289,17.12.2023.,900
47,eventum,trgovine,apple iphone 11 black 64gb dodaci maskice... ,Grad Zagreb,rabljeno,280,prodajem potpuno ispravan i maksimalno ocuvani iphone 11 black 64gb u kompletu s maskicom s nosacem za automobil futrolom za iphone 11 integriranu s novcanikom quad lock maskicom quad lock iphone ponchom oboje jos neraspakirano za iphone 11 zastitnim staklom punjacem i original pakiranjem. instaliran najnoviji ios 17 zamijenjen je novom 14 icom pa je visak. sve radi kako treba kamera mic... skinut s iclouda moze zamjena za dji mini 4 pro fly more combo rc2 kontroler naravno uz moju doplatu.,41766261,17.12.2023.,1106
48,Isus222,oglasivaca,iphone 11,Osječko-baranjska,rabljeno,265,prodajem telefon star 2 godine u perfektnom stanju. nema nijednu gresku niti ogrebotinu. od prvog dana u maskici i na ekranu kaljeno staklo 64gb baterija 84% uz telefon gratis punjac i maskica.,42296375,17.12.2023.,43
49,boniing-2,oglasivaca,iphone 11 64gb crni,Grad Zagreb,rabljeno,265,bez znakova koristenja kao nov bez crte ogrebotine. stalno je bio u maskici. uz uredjaj dolaze i tri maskice vidljive na slikama. dvije su nove crne. jedna je preklapajuca koja potpuno pokriva uredjaj. baterija takodjer izvrsna. uz uredjaj dolazi i original ambalaza te kabel za punjenje bez adaptera kako je isporucen.,42295795,16.12.2023.,192
50,mirk59,oglasivaca,iphone 11 dijelovi,Bjelovarsko-bilogorska,rabljeno,30,dijelovi za iphone 11.ploca zakljucana zadnje kamere 30e baterija zdravlje 77% 10eura i ostali sitni dijelovi.okvir u dobrom stanju ali je razbijeno zadnje staklo.saljem pouzecem,41042380,16.12.2023.,463
51,2pacman,oglasivaca, kao nov iphone 11 128 gb air pods pro 2 maske oprema,Grad Zagreb,rabljeno,465,prodaje se iphone 11 128 gb crna boja kao nov od prvog dana koristen sa zastitnim maskama i zastitnim staklom dakle stanje je besprijekorno. dolazi sa originalnom kutijom slusalicama i punjacem. ukljucene i 4 maske 3 nove 1 koristena zastitnim staklom novo i posebnim vodootpornim kucistem za ronjenje novo . uz mobitel dolaze i nove nekoristene apple air pods pro 2 slusalice cijena 465 eur moguce zamjene za razno moguce slanje postom,41999071,16.12.2023.,759
52,Marica_007,oglasivaca,maskice za iphone 11,Dubrovačko-neretvanska,rabljeno,17,7 maskica za iphone 11 2 maskice su od burga,42293527,16.12.2023.,34
53,gwzy1,oglasivaca,iphone 11 128 gb crni,Grad Zagreb,rabljeno,250,prodajem iphone 11 128 gb crni. mobitel je od prvog dana kad je kupljen nosen u maskici i sa zastitnim staklom i to se vidi da nema ostecenja na prednjem ili zadnjem staklu. baterija je na 75%. sa njim dolazi kutija slusalice kabel i adapter te poklanjam tri maskice sa njim sve se to vidi na slikama. ne zanimaju ne zamjene nikakve. preuzimanje zagreb ili karlovac.,42292666,16.12.2023.,272
54,ggdf1,oglasivaca,iphone 11 64 gb,Istarska,rabljeno,350,prodajem iphone 11 64 gb boja tirkizno zelena uz mobitel dobijete adapter i kabal za punjenje mobitel je u maskici od prvog dana te nije ostecen i nema nijednu ogrebotinu funkcionira kao nov otvoren na sve mreze face id ios 17 zdravlje baterije je 86% kupljen je u 5.mjesecu 2022. prodajem zbog kupnje novog za ostale informacije obratite se na broj 0996365562 ili njuskalo poruke cijena nije fiksna mozemo se dogovoriti osobno preuzimanje u rovinju,42271461,15.12.2023.,121
55,ModulDevet.hr,trgovine,apple iphone 11 bijeli 64gb,Grad Zagreb,rabljeno,371,apple iphone 11 bijeli 64gb nova baterija i novi ekran original zamjena uredjaj kao nov. jamstvo 6 mjeseci.,39227857,15.12.2023.,602
56,SofiaLitos,oglasivaca,apple iphone 11 64gb product red,Šibensko-kninska,rabljeno,220,prodajem iphone 11 product red 64 gb sve ispravno i spremno za koristenje. sve radi. ekran kao nov. radi na sve mreze super ocuvan zdravlje baterije 75%. punjac i kabel u komplektu. osobno preuzimanje za sva pitanja pisite na njuskalo ili nazovite 0916142106,41757114,15.12.2023.,196
57,Luka_m32,oglasivaca,iphone 11 128gb,Osječko-baranjska,rabljeno,250,u odlicnom stanju zdravlje baterije 82% 128gb zvucnici rade na 70%potencijala,42285818,15.12.2023.,82
58,niksar222,oglasivaca,iphone 11 64gb,Splitsko-dalmatinska,rabljeno,250,u stanju kao nov bez crte ogrebotine i slicno pazeni mazen u dvostrukim futrolama zastitnim staklima itd. baterija takodjer izvrsna 87 % zdravlje original ambalaza te kabel za punjenje bez adaptera sastavni dio paketa koji se prodaje. prodajem jer mi je postao visak uslijed produzenja ugovora i nabavke novog uredjaja. kupljen 29.12.2021 nepune 2. godine star. iskljucivo osobna primopredaja podrucje splita i okolice.,42285260,15.12.2023.,58
59,yami56,oglasivaca,iphone 11 kutija uputstva iglica naljepnice...,Grad Zagreb,rabljeno,10,iphone 11 kutija uputstva iglica naljepnice... u odlicnom stanju fixsno,41282266,15.12.2023.,317
60,_boris,oglasivaca,apple iphone 11 128gb white,Grad Zagreb,rabljeno,330,prodajem mobitel apple iphone 11 128gb white u izvrsnom stanju. koristen oko dvije godine u paketu originalna ambalaza i lightning kabel zdravlje baterije 87% https www.gsmarena.com apple iphone 11 9848.php mobitel nema tragova upotrebe stanje 10 10 boja bijela white preuzimanje na lokaciji u novom zagrebu sredisce ,42283662,15.12.2023.,443
61,dari08,oglasivaca,iphone 11 64gb 88% baterija,Grad Zagreb,rabljeno,280,prodajem iphone 11 sa memorijom od 64gb. kapacitet baterije 88%. dolazi sa original kutijom. mobitel radi odlicno i dobrom je stanju jedino ima par ogrebotina po rubovima ekran i zadnje staklo nema nikakvih ostecenja. mobitel dolazi bez punjaca. dolazi sa maskicom.,41615987,14.12.2023.,1370
62,sarah1,oglasivaca,iphone 11,Osječko-baranjska,rabljeno,200,prodajem iphone 11 64 gb u odlicnom stanju zdravlje baterije 73%. uz telefon poklanjam cetiri maskice i jedno zastitno staklo uz staklo koje je vec na mobitelu.,42282367,14.12.2023.,124
63,Petrov_,oglasivaca,iphone 11 64gb,Splitsko-dalmatinska,rabljeno,239,iphone 11 64gb white super stanje nema ostecenja zdravlje baterije 81% ima racun kutija kabel i maska split dostava cijena nije fiksna 095 544 2900,41941286,14.12.2023.,249
64,zrakoplov,oglasivaca,iphone 11 64gb,Varaždinska,rabljeno,300,iphone u odlicnom stanju bez ostecenja baterija na 79%,42281486,14.12.2023.,39
65,domagoj-21,oglasivaca,prodajem iphone 11 64gb black maskice i zastitna stakla ,Grad Zagreb,rabljeno,250,prodajem iphone 11 64gb u black boji. kupljen je prije 3 godine i od tada je zivot proveo u maskici sa zastitnim staklom. vidljivi su normalni znakovi koristenja ali na njemu nema bas nikakvog udubljenja i ili loma. stanje je kao na slikama. baterija na 78% uz njega dobivate i 2 maskice i 4 nova zastitna stakla koje su na slikama. mobitel nikada nije bio otvaran te radi jednako kao kada je kupljen. molim kontaktirati iskljucivo pozivom na broj 099 6025 090,42281008,14.12.2023.,324
66,matijabiz,oglasivaca,iphone 11 64gb,Osječko-baranjska,rabljeno,300,uz mobitel ide originalna kutija i punjac. stanje rabljeno 10 10 zdravlje baterije 84% . model a2221 boja black zamjena za iphone 14 uz moju nadoplatu.,38324933,14.12.2023.,2116
67,PRODAJA/OTKUP/ZAMJENA/ZALAGAONICA *Sve na jednom mjestu MixSHOP*,trgovine,iphone 11 green zeleni kao nov garancija zamjena da baterija 85%,Splitsko-dalmatinska,rabljeno,435, sve na jednom mjestu mixshop prodaje se apple iphone 11 mobitel kratko koristen uredjaj perfektno stanje kao novo originalna oprema kutija i sve ostalo zdravlje baterije 85% tvornicki otkljucan na sve mreze garancija na sve nase uredjaje vrsimo i zamjenu staro za novo novo za staro i sve ostale kombinacije uz dogovorenu nasu ili vasu nadoplatu kontakt telefoni tel 1 00385 95 3 666 666 zbog problema sa mrezom na ovom broju trenutno nismo u mogucnosti odgovarati na telefonske pozive ali whatsapp i viber su uvijek dostupni tel 2 00387 63 066 666 ovaj broj je dostupan za sve tel. poziv whatsapp viber web stranica www.mixshop6.com facebook stranica mixshop instagram profil mixshop ljubuski vrsimo i slanje brzom postom placanje pri preuzimanju paketa. troskove dostave je potrebno uplatiti prije samog slanja paketa kao osiguranje da ce posiljka biti preuzeta naruceni proizvod placate pri preuzimanju. za narudzbu trebate ostaviti vase ime i prezime adresu broj telefona,35411159,14.12.2023.,1202
68,PRODAJA/OTKUP/ZAMJENA/ZALAGAONICA *Sve na jednom mjestu MixSHOP*,trgovine,apple iphone 11 64gb yellow zuti kao nov garancija zamjena da 64gb,Splitsko-dalmatinska,rabljeno,435, sve na jednom mjestu mixshop prodaje se apple iphone 11 64gb 64 gb mobitel kratko koristen uredjaj perfektno stanje kao novo originalna oprema kutija i sve ostalo tvornicki otkljucan na sve mreze garancija na sve nase uredjaje vrsimo i zamjenu staro za novo novo za staro i sve ostale kombinacije uz dogovorenu nasu ili vasu nadoplatu kontakt telefoni tel 1 00385 95 3 666 666 zbog problema sa mrezom na ovom broju trenutno nismo u mogucnosti odgovarati na telefonske pozive ali whatsapp i viber su uvijek dostupni tel 2 00387 63 066 666 ovaj broj je dostupan za sve tel. poziv whatsapp viber web stranica www.mixshop6.com facebook stranica mixshop instagram profil mixshop ljubuski vrsimo i slanje brzom postom placanje pri preuzimanju paketa. troskove dostave je potrebno uplatiti prije samog slanja paketa kao osiguranje da ce posiljka biti preuzeta naruceni proizvod placate pri preuzimanju. za narudzbu trebate ostaviti vase ime i prezime adresu broj telefona,35410524,14.12.2023.,1091
69,PRODAJA/OTKUP/ZAMJENA/ZALAGAONICA *Sve na jednom mjestu MixSHOP*,trgovine,apple iphone 11 128gb red crveni kao nov garancija zamjena da 128 gb,Splitsko-dalmatinska,rabljeno,495, prodaja otkup zamjena zalagaonica sve na jednom mjestu mixshop prodaje se apple iphone 11 128gb 128 gb mobitel kratko koristen uredjaj perfektno stanje kao novo originalna oprema kutija i sve ostalo tvornicki otkljucan na sve mreze garancija na sve nase uredjaje vrsimo i zamjenu staro za novo novo za staro i sve ostale kombinacije uz dogovorenu nasu ili vasu nadoplatu kontakt telefoni tel 1 00385 95 3 666 666 zbog problema sa mrezom na ovom broju trenutno nismo u mogucnosti odgovarati na telefonske pozive ali whatsapp i viber su uvijek dostupni tel 2 00387 63 066 666 ovaj broj je dostupan za sve tel. poziv whatsapp viber web stranica www.mixshop6.com facebook stranica mixshop instagram profil mixshop ljubuski vrsimo i slanje brzom postom placanje pri preuzimanju paketa. troskove dostave je potrebno uplatiti prije samog slanja paketa kao osiguranje da ce posiljka biti preuzeta naruceni proizvod placate pri preuzimanju. za narudzbu trebate ostaviti vase ime i prezime adresu broj telefona takodjer na stanju imamo i sve originalne mobitele od najstarijih do najnovijih cjelokupnu ponudu pogledajte jednim klikom na svi oglasi ove trgovine moze i razna vrsta zamjene uz nasu ili vasu nadoplatu kako se dogovorimo.,35410473,14.12.2023.,1212
70,yvnglvki,oglasivaca,iphone 11 64 megabite,Grad Zagreb,rabljeno,149,kutiju izgubio sam ili jednostavno ne znam gdje je . ektan je malo slomljen ali najvise je slomljen kraj straznje kamere ali ova kamera i dalje radi mogu resetirati fotografiju dok snima fotografije . opcenito stanje telefona je 7 5 8 od 10,42029416,14.12.2023.,1925
71,zeljkotrupeljak,oglasivaca,iphone 11,Grad Zagreb,rabljeno,299,prodajem sluzbeni iphone 11 ocuvan zastitno staklo original kutija slusalice punjac. kao novi malo koristen jer imam i privatni preuzimanje u zagrebu,42231354,14.12.2023.,361
72,Lion100,oglasivaca,apple iphone 11 128gb bijeli ocuvan,Vukovarsko-srijemska,rabljeno,340,apple iphone 11 128gb bijeli kao novo ocuvan maksimalno u potpunsoti ispravan od prvoga dana kaljeno staklo i u maskici stanje 10 10 sve original nikada popravljan ili servisiran uz uredjaj ide punjac slusalice i maskica original racun kupnje.,42052654,14.12.2023.,106
73,vukocica55,oglasivaca,iphone 11 64gb,Grad Zagreb,rabljeno,230,iphone 11 64 gb u dobrom stanju star 2 godine face id radi uz njega se dobije punjac,39799242,13.12.2023.,5036
74,josiip93,oglasivaca,iphone 11,Splitsko-dalmatinska,rabljeno,350,u extra ocuvanom stanju 64 gb kutija punjac maska.,42041476,13.12.2023.,106
75,Leicaz,oglasivaca,iphone 11 64 gb,Splitsko-dalmatinska,rabljeno,230,iphone 11 64 gb izgleda kao nov zvucnik i milrofon ocisceni prije par dana zdravlje baterije na slici. mobitel ne zastaje radi bez greske. prodajem za 230 eur. uz to se dobiju jos 3 maskice,41983168,13.12.2023.,216
76,Prodaja0810,oglasivaca,apple iphone 11 crni dijelovi,Grad Zagreb,rabljeno,80,prodajem uscuvan crni apple iphone 11 za dijelove. iphone je zakljucan radi i ispravan je ali ga prodajem za dijelove.,42272578,13.12.2023.,33
77,floralys23,oglasivaca,iphone 11 128gb,Grad Zagreb,rabljeno,250,prodajem iphone 11 koristen bez ikakvih ogrebotina. uz iphone dobijete slusalice i punjac. zdravlje baterije 77%. uz mobitel poklanjem i tri maskice.,42272120,13.12.2023.,191
78,tehno shop vinkovci,trgovine,iphone 11 300 00,Vukovarsko-srijemska,rabljeno,300,boja crna cijena za gotovinu placanje karticama dostava pouzecem,32001499,13.12.2023.,401
79,KR-Nick,oglasivaca,iphone 11 64 gb,Krapinsko-zagorska,rabljeno,270,prodaje se navedeni mobitel u dobro stanju manja ogrebotina na kucistu vidljivo na slikama .mobitel radi odlicno star 15 mj.zdravlje baterije na 88%..od prvog dana u zastitnoj maskici i kaljeno stako..dolazi sa orginalnom kutijom i kablom za punjenje..bez zamjena cijena nije fixna.,41980657,13.12.2023.,76
80,sneakit,oglasivaca,apple iphone 11 64gb crni,Zadarska,rabljeno,270,super tehnicko stanje. zdravlje baterije je na 82%. na uglu moze bit ogrebotine. inace na ekranu i pozadini nema nista.,42270474,13.12.2023.,51
81,RBogadi,oglasivaca,iphone 11 64 gb crveni bez ogrebotine,Grad Zagreb,rabljeno,295,prodajem iphone 11 od 64 gb vrlo malo koristen bez ogrebotine prozirna maskica gratis mob 098 9188 918,41601506,13.12.2023.,1105
82,Alpha servis,trgovine,apple iphone 11 64gb rabljeno rate zamjena 2222,Osječko-baranjska,rabljeno,300,uredjaj apple iphone 11 64gb stanje uredjaja rabljeno jamstvo na uredjaj jamstvo tri mjeseca originalni datum kupnje pisana garancija uz svaki uredjaj zdravlje baterije 88% mreze slobodan uredjaj cijena za gotovinu 300 00 cijena za kartice 330 00 svi rabljeni uredjaji su testirani ostecenja prikazana na slikama ukoliko postoje. garancija na polovne uredjaje moze biti tvornicka ukoliko uz uredjaj ide tvornicki racun ili 3 mjeseca garancija alpha servisa ukoliko uredjaj nema tvornicko jamstvo. mogucnost placanja na rate karticama erste pbz zagrebacka i american express do 12 rata te diners do 36 rata . u ponudi veliki izbor mobilnih telefona i dodatne opreme za mobilne telefone brzi servis mobilnih telefona brzo i efikasno rjesavamo sve probleme na mobilnim telefonima.,40002457,13.12.2023.,216
83,mobtechnix,oglasivaca,apple iphone 11 64gb white kao novi,Primorsko-goranska,rabljeno,250,prodajem navedeni uredjaj u odlicnom stanju zdravlje baterije 87%,42269845,13.12.2023.,42
84,mahmata,oglasivaca,iphone 11 64gb,Splitsko-dalmatinska,rabljeno,250,iphone 11 64 gb potpuno ispravan stanje 10 10 crni poklanjam 6 maskica sa slike punjac orginal kutija.,42269063,13.12.2023.,33
85,kbule,oglasivaca,iphone 11 64 gb bijeli 2 godine star,Grad Zagreb,rabljeno,210,prodajem bijeli iphone 11 64 gb 2 godine star. par ogrebotina na staklu i par ostecenja sa strane. dolazi s kutijom bez punjaca i originalnih slusalica. zdravlje baterije je 75%.,41716871,13.12.2023.,1047
86,iCentar Hrvatska,trgovine,apple iphone 11 64gb red crveni jamstvo,Grad Zagreb,rabljeno,350,prodajemo iphone 11 64gb red crveni garancija od 6 mjeseci od dana kupnje. uz mobitel poklajamo novu kvalitetnu maskicu u vrijednost 150kn i kvalitetno novo kaljeno staklo u vrijednosti 70kn. dajemo i potpuno novi kabel i punjac.,38895848,13.12.2023.,1756
87,iCentar Hrvatska,trgovine,iphone 11 64gb crni nova baterija garancija,Grad Zagreb,rabljeno,350,prodajemo iphone 11 64gb nova originalna baterija garancija od 6 mjeseci od dana kupnje. uz mobitel poklajamo novu kvalitetnu maskicu u vrijednost 150kn i kvalitetno novo kaljeno staklo u vrijednosti 70kn. dajemo i potpuno novi kabel i punjac.,35796408,13.12.2023.,2588
88,martina369,oglasivaca,iphone 11,Grad Zagreb,rabljeno,300,iphone 11 64gb crna boja neostecen malo koristen sa racunom,42268609,13.12.2023.,162
89,PetraF5,oglasivaca,iphone 11,Zagrebačka,rabljeno,320,prodajem iphone 11 koristen ali u potpunosti ispravan. vidljivi minimalni tragovi koristenja. zdravlje baterije 95%. posjedujem kutiju i racun. poklanjam i maskice koje imam uz njega. moguce pogledati bez obaveze. za sva dodatna pitanja slobodno me kontaktirajte. petra 095 3550 532,41565532,12.12.2023.,106
90,2fastforyou,oglasivaca,apple iphone 11 64gb black,Krapinsko-zagorska,rabljeno,250,64gb crne boje...kutija i sva oprema,42261240,12.12.2023.,53
91,mario66617,oglasivaca,iphone 11 126 gb ocuvan,Sisačko-moslavačka,rabljeno,250,prodajem iphone 11 126 gb bez tragova koristenja potpuno ispravan. baterija na 81%. mobitel kupljen 2020. uz mobitel ne dolazi punjac. mobitel se nalazi i moze se pogledati u zagrebu.,42261164,12.12.2023.,63
92,robilee,oglasivaca,iphone 11 128 gb,Primorsko-goranska,rabljeno,250,iphone 11 128 gb jako ocuvan bez ogrebotine. zastitno staklo i maskica od prvog dana. ide u original kutiji. zdravlje baterije 79%. ne gasi se ali ga je potrebno punit preko noci. mijenjam ga zato jer je visak.,41677870,12.12.2023.,447
93,stjepkoz1,oglasivaca,apple iphone 11 128gb black,Grad Zagreb,rabljeno,330,prodajem iphone 11 sa 128gb memorije i 80% zdravlja baterije. mobitel je u maskici i kaljenom staklu od prvog dana. nedavno sam stavio novo kaljeno dolazi sa kutijom i pripadajucom opremom punjac uputstva i stickeri te 2 maskice od kojih je jedna orginal appleova iz istyle a i jedna nova koju nisam koristio slika . ima sitnih ogrebotina sto je sasvim razumljivo s obzirom na staz... vecih lomova i puknuca nije bilo nikad nije bio na popravku face id radi bez greske otkljucan na sve mreze razlog prodaje je prelazak na noviji model iphone pro 13 cijena nije fiksna nema slanja postom samo osobno preuzimanje u zg u nakon sto pregledate uredjaj ,42260499,12.12.2023.,223
94,phelps,oglasivaca,iphone 11 128 gb crni s koznom zastitom,Grad Zagreb,rabljeno,350,iphone 11 128 gb crni s koznom etui zastitom. bez ostecenja. kozna etui zastita otterbox s utorima za kartice. dolazi s kutijom. upiti iskljucivo putem njuskalo aplikacije. ne zamjene i slicne ponude.,39361285,11.12.2023.,1081
95,soorento,oglasivaca,iphone 11 64gb,Osječko-baranjska,rabljeno,250,prodajem iphone 11 64gb doslovno kao novi cijelo vrijeme u zastitnoj 360 masci besprijekoran garancija istekla baterija na 88% original punjac cijena 250 0995492924,42257974,11.12.2023.,99
96,IvanDupla,oglasivaca,iphone 11 64gb,Splitsko-dalmatinska,rabljeno,200,prodajem iphone 11 u dobrom stanju. od ostecenja ima samo jednu malu ogrebotinu na ekranu. zdravlje baterije na 88%.,42256998,11.12.2023.,83
97,Alpha servis,trgovine,apple iphone 11 64gb rabljeno rate zamjena 2211,Osječko-baranjska,rabljeno,300,uredjaj apple iphone 11 64gb stanje uredjaja rabljeno jamstvo na uredjaj jamstvo tri mjeseca originalni datum kupnje pisana garancija uz svaki uredjaj zdravlje baterije 100% mreze slobodan uredjaj cijena za gotovinu 300 00 cijena za kartice 330 00 svi rabljeni uredjaji su testirani ostecenja prikazana na slikama ukoliko postoje. garancija na polovne uredjaje moze biti tvornicka ukoliko uz uredjaj ide tvornicki racun ili 3 mjeseca garancija alpha servisa ukoliko uredjaj nema tvornicko jamstvo. mogucnost placanja na rate karticama erste pbz zagrebacka i american express do 12 rata te diners do 36 rata . u ponudi veliki izbor mobilnih telefona i dodatne opreme za mobilne telefone brzi servis mobilnih telefona brzo i efikasno rjesavamo sve probleme na mobilnim telefonima.,37038836,11.12.2023.,797
98,Alpha servis,trgovine,apple iphone 11 128gb rabljeno rate zamjena 2234,Osječko-baranjska,rabljeno,340,uredjaj apple iphone 11 128gb stanje uredjaja rabljeno jamstvo na uredjaj jamstvo tri mjeseca originalni datum kupnje pisana garancija uz svaki uredjaj zdravlje baterije 100% mreze slobodan uredjaj cijena za gotovinu 340 00 cijena za kartice 380 00 svi rabljeni uredjaji su testirani ostecenja prikazana na slikama ukoliko postoje. garancija na polovne uredjaje moze biti tvornicka ukoliko uz uredjaj ide tvornicki racun ili 3 mjeseca garancija alpha servisa ukoliko uredjaj nema tvornicko jamstvo. mogucnost placanja na rate karticama erste pbz zagrebacka i american express do 12 rata te diners do 36 rata . u ponudi veliki izbor mobilnih telefona i dodatne opreme za mobilne telefone brzi servis mobilnih telefona brzo i efikasno rjesavamo sve problema na mobilnim telefonima,31381252,11.12.2023.,3397
99,petraaa2,oglasivaca,iphone 11 ljubicasti 64 gb,Grad Zagreb,rabljeno,270,dobro ocuvan izgleda kao nov javiti se na sms o detaljima uz telefon se dobije punjac zdravlje baterije 83% nigdje nije razbijen. cijena nije fiksna ,42255199,11.12.2023.,314
100,PRODAJA/OTKUP/ZAMJENA/ZALAGAONICA *Sve na jednom mjestu MixSHOP*,trgovine,apple iphone 11 64gb green zeleni kao nov garancija zamjena da 64gb,Splitsko-dalmatinska,rabljeno,435, sve na jednom mjestu mixshop prodaje se apple iphone 11 64gb 64 gb mobitel kratko koristen uredjaj perfektno stanje kao novo originalna oprema kutija i sve ostalo tvornicki otkljucan na sve mreze garancija na sve nase uredjaje vrsimo i zamjenu staro za novo novo za staro i sve ostale kombinacije uz dogovorenu nasu ili vasu nadoplatu kontakt telefoni tel 1 00385 95 3 666 666 zbog problema sa mrezom na ovom broju trenutno nismo u mogucnosti odgovarati na telefonske pozive ali whatsapp i viber su uvijek dostupni tel 2 00387 63 066 666 ovaj broj je dostupan za sve tel. poziv whatsapp viber web stranica www.mixshop6.com facebook stranica mixshop instagram profil mixshop ljubuski vrsimo i slanje brzom postom placanje pri preuzimanju paketa. troskove dostave je potrebno uplatiti prije samog slanja paketa kao osiguranje da ce posiljka biti preuzeta naruceni proizvod placate pri preuzimanju. za narudzbu trebate ostaviti vase ime i prezime adresu broj telefona,35410517,11.12.2023.,1207
101,PRODAJA/OTKUP/ZAMJENA/ZALAGAONICA *Sve na jednom mjestu MixSHOP*,trgovine,apple iphone 11 black crni kao nov garancija zamjena da baterija 96%,Splitsko-dalmatinska,rabljeno,470, sve na jednom mjestu mixshop prodaje se apple iphone 11 mobitel kratko koristen uredjaj perfektno stanje kao novo originalna oprema kutija i sve ostalo zdravlje baterije 96% tvornicki otkljucan na sve mreze garancija na sve nase uredjaje vrsimo i zamjenu staro za novo novo za staro i sve ostale kombinacije uz dogovorenu nasu ili vasu nadoplatu kontakt telefoni tel 1 00385 95 3 666 666 zbog problema sa mrezom na ovom broju trenutno nismo u mogucnosti odgovarati na telefonske pozive ali whatsapp i viber su uvijek dostupni tel 2 00387 63 066 666 ovaj broj je dostupan za sve tel. poziv whatsapp viber web stranica www.mixshop6.com facebook stranica mixshop instagram profil mixshop ljubuski vrsimo i slanje brzom postom placanje pri preuzimanju paketa. troskove dostave je potrebno uplatiti prije samog slanja paketa kao osiguranje da ce posiljka biti preuzeta naruceni proizvod placate pri preuzimanju. za narudzbu trebate ostaviti vase ime i prezime adresu broj telefona,35411152,11.12.2023.,1081
102,PRODAJA/OTKUP/ZAMJENA/ZALAGAONICA *Sve na jednom mjestu MixSHOP*,trgovine,apple iphone 11 128gb yellow zuti kao nov garancija zamjena da 128 gb,Splitsko-dalmatinska,rabljeno,499, sve na jednom mjestu mixshop prodaje se apple iphone 11 128gb 128 gb mobitel kratko koristen uredjaj perfektno stanje kao novo originalna oprema kutija i sve ostalo tvornicki otkljucan na sve mreze garancija na sve nase uredjaje vrsimo i zamjenu staro za novo novo za staro i sve ostale kombinacije uz dogovorenu nasu ili vasu nadoplatu kontakt telefoni tel 1 00385 95 3 666 666 zbog problema sa mrezom na ovom broju trenutno nismo u mogucnosti odgovarati na telefonske pozive ali whatsapp i viber su uvijek dostupni tel 2 00387 63 066 666 ovaj broj je dostupan za sve tel. poziv whatsapp viber web stranica www.mixshop6.com facebook stranica mixshop instagram profil mixshop ljubuski vrsimo i slanje brzom postom placanje pri preuzimanju paketa. troskove dostave je potrebno uplatiti prije samog slanja paketa kao osiguranje da ce posiljka biti preuzeta naruceni proizvod placate pri preuzimanju. za narudzbu trebate ostaviti vase ime i prezime adresu broj telefona,35410476,11.12.2023.,1284
103,Alpha servis,trgovine,apple iphone 11 64gb rabljeno rate zamjena 2117,Osječko-baranjska,rabljeno,300,uredjaj apple iphone 11 64gb stanje uredjaja rabljeno jamstvo na uredjaj jamstvo tri mjeseca originalni datum kupnje pisana garancija uz svaki uredjaj zdravlje baterije 85% mreze slobodan uredjaj cijena za gotovinu 300 00 cijena za kartice 330 00 svi rabljeni uredjaji su testirani ostecenja prikazana na slikama ukoliko postoje. garancija na polovne uredjaje moze biti tvornicka ukoliko uz uredjaj ide tvornicki racun ili 3 mjeseca garancija alpha servisa ukoliko uredjaj nema tvornicko jamstvo. mogucnost placanja na rate karticama erste pbz zagrebacka i american express do 12 rata te diners do 36 rata . u ponudi veliki izbor mobilnih telefona i dodatne opreme za mobilne telefone brzi servis mobilnih telefona brzo i efikasno rjesavamo sve probleme na mobilnim telefonima.,36907938,11.12.2023.,1472
104,Alpha servis,trgovine,apple iphone 11 64gb rabljeno rate zamjena 2027,Osječko-baranjska,rabljeno,300,uredjaj apple iphone 11 64gb stanje uredjaja rabljeno jamstvo na uredjaj jamstvo tri mjeseca originalni datum kupnje pisana garancija uz svaki uredjaj zdravlje baterije 83% mreze slobodan uredjaj cijena za gotovinu 300 00 cijena za kartice 330 00 svi rabljeni uredjaji su testirani ostecenja prikazana na slikama ukoliko postoje. garancija na polovne uredjaje moze biti tvornicka ukoliko uz uredjaj ide tvornicki racun ili 3 mjeseca garancija alpha servisa ukoliko uredjaj nema tvornicko jamstvo. mogucnost placanja na rate karticama pbz erste zagrebacke i american express banke do 12 rata te diners do 36 rata. u ponudi veliki izbor mobilnih telefona i dodatne opreme za mobilne telefone brzi servis mobilnih telefona brzo i efikasno rjesavamo sve probleme na mobilnim telefonima.,30613926,11.12.2023.,3960
105,ivangojko98,oglasivaca,iphone 11 punjac zastitna maskica,Grad Zagreb,rabljeno,200,prodajem iphone 11 star 2 godine. bez ostecenja. iphone dolazi s brzim punjacem i zastitnom maskicom u kojoj je bio prakticki od prvog dana. cijena mobitela je fiksna. za vise informacija poslati poruku na navedeni broj mobitela ili nazvati poslije 16 00 h.,42249980,10.12.2023.,290
106,VesnaMare,oglasivaca,iphone 11 64 gb,Grad Zagreb,rabljeno,300,prodajem iphone 11 64gb ocuvan bez nedostataka kupljen od a1 i jedina sam vlasnica. u originalnoj kutiji uz novu zelenu maskicu.,42249761,10.12.2023.,51
107,leonablaz,oglasivaca,iphone 11 purple 64gb punjac ,Splitsko-dalmatinska,rabljeno,200,prodajem iphone 11 purple 64gb zdravlje baterije je 73% u cijenu ukljucen i originalni kabel za punjenje lightning to usb c adapter za struju nije ukljucen osobna primopredaja na podrucju splita,42249365,10.12.2023.,108
108,bluebird1,oglasivaca,iphone 11 64gb red product baterija 100% sva oprema dostava zamjena,Grad Zagreb,rabljeno,290,mobitel sa kutijom i komplet punjacem ocuvan malo koristen tvornicki radi na sve mreze baterija 100% gratis novi protektor boja red product moguca zamjena dostava rh,39433018,10.12.2023.,716
109,lic1234,oglasivaca,iphone 11 64gb stanje baterije 96%,Zagrebačka,rabljeno,280,prodajem iphone 11 64 gb u crnoj boji. mobitel je maksimalno ocuvan stalno koristen u zastitnim maskama i sa zastitom na ekranu. uz uredjaj ide punjac adapter i kabel i dvije nove i nekoristene maske. cijena 280 ,42248492,10.12.2023.,84
110,KrulElvis,oglasivaca,iphone 11 64 gb,Istarska,rabljeno,230,prodajem iphone 11 64 gb midnight black kao nov 10 10. zdravlje baterije 75% bez ijedne ogrebotine. uvijek cuvan u maskici i zastitno staklo. uz njega u kompletu idu dvije maskice i jedna preklopna maskica.,42030186,10.12.2023.,140
111,Slavonac-DJ,oglasivaca,iphone 11 64 gb,Osječko-baranjska,rabljeno,320,prodajem koristeni ocuvan ispravan iphone. otkljucan za sve mreze zdravlje baterije 83%. uz mob ide kutija original punjac i original kabel za punjenje 4 maskice i 1 zastitno kaljeno staklo za ekran. iskljucivo prodaja i osobna primopredaja da se uvjerite sami u stanje telefona. komunikacija upiti iskljucivo prvo preko njuskalo poruka osobno preuzimanje ili putem payprotect a. hvala ,42027425,10.12.2023.,82
112,njuskalo5893,oglasivaca,iphone 11,Osječko-baranjska,rabljeno,270,prodajem iphone 11 64gb mobitel je bio razbijen te je slozen u novo kuciste od iphone 13pro re sada nema ni ogrebotine sve ispravno radi na sve mreze uz mobitel ide silikonska maskica,42241633,09.12.2023.,93
113,omis-duce,oglasivaca,m o b i t e l apple iphone 11,Splitsko-dalmatinska,rabljeno,450,potpuno ispravni i ocuvani iphone 11 64 gb bijeli star 2 5 god zdravlje baterije 87%. uz mobitel poklanjam preko 20 ak maski kaljeno staklo.,41707419,09.12.2023.,102
114,mirela1401,oglasivaca,apple iphone 11 64gb black u izvrsnom stanju,Grad Zagreb,rabljeno,315,prodajem apple iphone 11 64gb black u izvrsnom stanju bez ikakvih ogrebotina i ostecenja. stanje 10 10. mobitel dolazi u original kutiji sa original adapterom i kabelom. uz mobitel dolazi i original kvalitetna spigen maskica mobitel je od prvog dana koristen sa zastitnom spigen maskicom . primopredaja u zagrebu.,40662897,09.12.2023.,1731
115,mark1176,oglasivaca,prodajem iphone 11 stanje rabljeno 220 ,Vukovarsko-srijemska,rabljeno,220,mobitel je od pocetka u zastitnom staklu i maskici. na uredjaju je trenutno zastitno staklo. zdravlje baterije je 80% razlog prodaje je kupovina novog uredjaja. uz mobitel dolaze i 2 maskice. za vise informacija javiti se na broj 099 8717 738.,42235500,08.12.2023.,70
116,lata19,oglasivaca,iphone 11 128gb,Grad Zagreb,rabljeno,200,koristeni iphone 11 128gb. razbijeno staklo ali mobitel radi bez obzira na to. baterija 87%,42233236,08.12.2023.,187
117,algao,oglasivaca,prodajem iphone 11 koristen 12 mjeseci hitno,Istarska,rabljeno,400,ocuvan nema ogrebotina,41523539,07.12.2023.,91
118,ruci65,oglasivaca,iphone 11 white 64gb,Koprivničko-križevačka,rabljeno,380,iphone 11 white 64gb kao nov potpuno ocuvan uz mobitel dolaze dvije straznje maske i jedna preklopna.,42220832,07.12.2023.,40
119,PRODAJA/OTKUP/ZAMJENA/ZALAGAONICA *Sve na jednom mjestu MixSHOP*,trgovine,apple iphone 11 black crni kao nov garancija zamjena da baterija 92%,Splitsko-dalmatinska,rabljeno,440, sve na jednom mjestu mixshop prodaje se apple iphone 11 mobitel kratko koristen uredjaj perfektno stanje kao novo originalna oprema kutija i sve ostalo zdravlje baterije 92% tvornicki otkljucan na sve mreze garancija na sve nase uredjaje vrsimo i zamjenu staro za novo novo za staro i sve ostale kombinacije uz dogovorenu nasu ili vasu nadoplatu kontakt telefoni tel 1 00385 95 3 666 666 zbog problema sa mrezom na ovom broju trenutno nismo u mogucnosti odgovarati na telefonske pozive ali whatsapp i viber su uvijek dostupni tel 2 00387 63 066 666 ovaj broj je dostupan za sve tel. poziv whatsapp viber web stranica www.mixshop6.com facebook stranica mixshop instagram profil mixshop ljubuski vrsimo i slanje brzom postom placanje pri preuzimanju paketa. troskove dostave je potrebno uplatiti prije samog slanja paketa kao osiguranje da ce posiljka biti preuzeta naruceni proizvod placate pri preuzimanju. za narudzbu trebate ostaviti vase ime i prezime adresu broj telefona,35411113,07.12.2023.,1107
120,PRODAJA/OTKUP/ZAMJENA/ZALAGAONICA *Sve na jednom mjestu MixSHOP*,trgovine,apple iphone 11 128gb purple ljubicasti kao nov garancija zamjena da ,Splitsko-dalmatinska,rabljeno,499, sve na jednom mjestu mixshop prodaje se apple iphone 11 128gb 128 gb mobitel kratko koristen uredjaj perfektno stanje kao novo originalna oprema kutija i sve ostalo tvornicki otkljucan na sve mreze garancija na sve nase uredjaje vrsimo i zamjenu staro za novo novo za staro i sve ostale kombinacije uz dogovorenu nasu ili vasu nadoplatu kontakt telefoni tel 1 00385 95 3 666 666 zbog problema sa mrezom na ovom broju trenutno nismo u mogucnosti odgovarati na telefonske pozive ali whatsapp i viber su uvijek dostupni tel 2 00387 63 066 666 ovaj broj je dostupan za sve tel. poziv whatsapp viber web stranica www.mixshop6.com facebook stranica mixshop instagram profil mixshop ljubuski vrsimo i slanje brzom postom placanje pri preuzimanju paketa. troskove dostave je potrebno uplatiti prije samog slanja paketa kao osiguranje da ce posiljka biti preuzeta naruceni proizvod placate pri preuzimanju. za narudzbu trebate ostaviti vase ime i prezime adresu broj telefona,35410472,07.12.2023.,1552
121,PRODAJA/OTKUP/ZAMJENA/ZALAGAONICA *Sve na jednom mjestu MixSHOP*,trgovine,apple iphone 11 64gb white bijeli kao nov garancija zamjena da 64gb,Splitsko-dalmatinska,rabljeno,435, sve na jednom mjestu mixshop prodaje se apple iphone 11 64gb 64 gb mobitel kratko koristen uredjaj perfektno stanje kao novo originalna oprema kutija i sve ostalo tvornicki otkljucan na sve mreze garancija na sve nase uredjaje vrsimo i zamjenu staro za novo novo za staro i sve ostale kombinacije uz dogovorenu nasu ili vasu nadoplatu kontakt telefoni tel 1 00385 95 3 666 666 zbog problema sa mrezom na ovom broju trenutno nismo u mogucnosti odgovarati na telefonske pozive ali whatsapp i viber su uvijek dostupni tel 2 00387 63 066 666 ovaj broj je dostupan za sve tel. poziv whatsapp viber web stranica www.mixshop6.com facebook stranica mixshop instagram profil mixshop ljubuski vrsimo i slanje brzom postom placanje pri preuzimanju paketa. troskove dostave je potrebno uplatiti prije samog slanja paketa kao osiguranje da ce posiljka biti preuzeta naruceni proizvod placate pri preuzimanju. za narudzbu trebate ostaviti vase ime i prezime adresu broj telefona,35410521,07.12.2023.,1527
122,rasprodajagarazna,oglasivaca,iphone 11,Grad Zagreb,rabljeno,230,ispravan koristen 64 gb baterija 78%....,41398844,06.12.2023.,557
123,DJ123,oglasivaca,i phone 11 ocuvan kutija,Varaždinska,rabljeno,220,prodajem navedeni mob... nosen u zastitnoj maskici zdravlje baterijev69% kutija bez punjaca,42215469,06.12.2023.,170
124,zlazic_hr,oglasivaca,i phone 11 black 64gb,Grad Zagreb,rabljeno,240,rabljeni mobitel u odlicnom stanju kutija kabl za punjenje,41765104,06.12.2023.,317
125,Pauk1212,oglasivaca,iphone 11 64gb,Zadarska,rabljeno,220,stanje 9 10 ne radi tipka za zakljucanje tj utisavanje sve ostalo ispravno baterija 81% cijena je takva zbog toga i fiksna je kutija kabel adapter ne ulazi u cijenu,42211188,06.12.2023.,87
126,SenjaAmarie,oglasivaca,iphone 11 256gb 350e,Grad Zagreb,rabljeno,350,prodajem iphone 11 256gb. ocuvan tokom koristenja je bila maska uvijek na prednjoj strani stakla i kameri kao i zastitna maska za cijeli mobitel. uz mobitel ide novi punjac slusalice u kutiji. preuzimanje iskljucivo u zagrebu.,42205294,05.12.2023.,452
127,Josipjosipn7,oglasivaca,iphone 11 dijelovi,Grad Zagreb,rabljeno,99,prodajem dijelove za iphone 11 imam sve osim maticne ploce dijelovi su 100% ispravni i sve je kao novo cijena djelova na upit zvati na 0916054662,41717073,05.12.2023.,389
128,Veronika2020,oglasivaca,iphone 11,Grad Zagreb,rabljeno,300,prodajem iphone 11 64 gb star 2 godine kupljen u a1. razlog prodaje je kupnja novog mobitela. mobitel je jako ocuvan cijelo vrijeme nosen u maskici nema nikakva ostecenja i nikada nije bio razbijen. zdravlje baterije je na 85%. dolazi u originalnoj kutiji sa usb punjacem. takoder prodajem i 2 maskice za mobitel.,41321925,05.12.2023.,1220
129,x3m40d,oglasivaca,iphone 11 64gb black original oprema 87% baterija dostava rh zamjena,Grad Zagreb,rabljeno,219,aparat sa kutijom i komplet original opremom komplet punjacem i slusalicama baterija 87% na aparatu je naciknuto staklo pa je stavljena premium folija kaljeno staklo radi estetike sve je 100% funkcionalno slika u prilogu u crnoj boji dualsim model resetiran na tvornicke postavke tvornicki radi na sve mreze moguca zamjena za skuplji mobitel moguca dostava zg i rh pouzecem 098 9966 341 dimenzije 150 9 x 75 7 x 8 3 mm 5 94 x 2 98 x 0 33 in tezina 194 g 6 84 oz izgraditi staklena prednja strana corning proizvedeno staklo staklena straznja strana corning ovo proizvedeno staklo aluminijski okvir serija 7000 sim nano sim i esim ili dual sim nano sim dual stand by za kinu ip68 otporan na prasinu vodu do 2 m za 30 minuta apple pay visa mastercard amex certifikat prikaz tip liquid retina ips lcd 625 nita tipicno velicina 6 1 inca 90 3 cm 2 79 0% omjer zaslona i tijela rezolucija 828 x 1792 piksela omjer 19 5 9 326 ppi gustoca zastita staklo otporno na ogrebotine platforma os ios 13 nadogradiv na ios 16.1 cipset apple a13 bionic 7 nm cpu hexa core 2x2 65 ghz lightning 4x1 8 ghz thunder gpu apple gpu 4 jezgrena grafika prijavi oglas memorija utor za karticu ne interni 64 gb 4 gb ram a 128 gb 4 gb ram a 256 gb 4 gb ram a nvme glavna kamera dual 12 mp f 1.8 26 mm sirokokutni 1 2.55 1.4 m dual pixel pdaf ois 12 mp f 2.4 120 13 mm ultrasiroki 1 3.6 znacajke dual led dvotonska bljeskalica hdr foto panorama video 4k 24 30 60fps 1080p 30 60 120 240fps hdr snimanje stereo zvuka. selfie kamera singl 12 mp f 2.2 23 mm siroko 1 3.6 sl 3d senzor dubine biometrijski znacajke hdr video 4k 24 30 60fps 1080p 30 60 120fps ziro eis zvuk zvucnik da sa stereo zvucnicima 3 5 mm uticnica ne komunikacije wlan wi fi 802.11 a b g n ac 6 dvopojasni pristupna tocka bluetooth 5.0 a2dp le pozicioniranje gps glonass galileo qzss nfc da radio ne usb lightning usb 2.0 znacajke senzori face id akcelerometar ziroskop blizina kompas barometar ultra wideband uwb podrska baterija tip li ion 3110 mah ne moze se ukloniti 11 91 wh punjenje 18 w zicano pd2.0 50% u 30 min reklamirano bezicno qi razno boje crna zelena zuta ljubicasta crvena bijela modeli a2221 a2111 a2223 iphone12 1 sar 1 09 w kg glava 1 18 w kg tijelo sar eu 0 95 w kg glava 0 99 w kg tijelo cijena 499 99 299 00 298 96 54.900 inr 4.809.000 rp testovi izvodjenje antutu 419453 v7 geekbench 13882 v4.4 gfxbench 60 fps es 3.1 na zaslonu prikaz omjer kontrasta 1505 1 nominalno fotoaparat fotografija video zvucnik glas 70db buka 72db zvono 76db kvaliteta zvuka sum 94.2db preslusavanje 80.8db zivot baterije ocjena izdrzljivosti 94h,38960227,05.12.2023.,1408
130,chesan,oglasivaca,iphone 11 128gb rabljen,Karlovačka,rabljeno,280,razlog prodaje je kupnja novog mobitela star je 3 5 god. nema nikakvih ostecenja osim sitne ogrebotine na staklu 6. slika zdravlje baterije je 77% ne dolazi s punjacem. uz njega dolaze i dvije maskice svaka 5 cijena mobitela nije fiksna,41791602,04.12.2023.,266
131,PRODAJA/OTKUP/ZAMJENA/ZALAGAONICA *Sve na jednom mjestu MixSHOP*,trgovine,apple iphone 11 purple kao nov garancija zamjena da baterija 93%,Splitsko-dalmatinska,rabljeno,445, sve na jednom mjestu mixshop prodaje se apple iphone 11 mobitel kratko koristen uredjaj perfektno stanje kao novo originalna oprema kutija i sve ostalo zdravlje baterije 93% tvornicki otkljucan na sve mreze garancija na sve nase uredjaje vrsimo i zamjenu staro za novo novo za staro i sve ostale kombinacije uz dogovorenu nasu ili vasu nadoplatu kontakt telefoni tel 1 00385 95 3 666 666 zbog problema sa mrezom na ovom broju trenutno nismo u mogucnosti odgovarati na telefonske pozive ali whatsapp i viber su uvijek dostupni tel 2 00387 63 066 666 ovaj broj je dostupan za sve tel. poziv whatsapp viber web stranica www.mixshop6.com facebook stranica mixshop instagram profil mixshop ljubuski vrsimo i slanje brzom postom placanje pri preuzimanju paketa. troskove dostave je potrebno uplatiti prije samog slanja paketa kao osiguranje da ce posiljka biti preuzeta naruceni proizvod placate pri preuzimanju. za narudzbu trebate ostaviti vase ime i prezime adresu broj telefona,35411099,04.12.2023.,1429
132,PRODAJA/OTKUP/ZAMJENA/ZALAGAONICA *Sve na jednom mjestu MixSHOP*,trgovine,apple iphone 11 128gb black crni kao nov garancija zamjena da 128 gb,Splitsko-dalmatinska,rabljeno,499, sve na jednom mjestu mixshop prodaje se apple iphone 11 128gb 128 gb mobitel kratko koristen uredjaj perfektno stanje kao novo originalna oprema kutija i sve ostalo tvornicki otkljucan na sve mreze garancija na sve nase uredjaje vrsimo i zamjenu staro za novo novo za staro i sve ostale kombinacije uz dogovorenu nasu ili vasu nadoplatu kontakt telefoni tel 1 00385 95 3 666 666 zbog problema sa mrezom na ovom broju trenutno nismo u mogucnosti odgovarati na telefonske pozive ali whatsapp i viber su uvijek dostupni tel 2 00387 63 066 666 ovaj broj je dostupan za sve tel. poziv whatsapp viber web stranica www.mixshop6.com facebook stranica mixshop instagram profil mixshop ljubuski vrsimo i slanje brzom postom placanje pri preuzimanju paketa. troskove dostave je potrebno uplatiti prije samog slanja paketa kao osiguranje da ce posiljka biti preuzeta naruceni proizvod placate pri preuzimanju. za narudzbu trebate ostaviti vase ime i prezime adresu broj telefona,35410469,04.12.2023.,1129
133,PRODAJA/OTKUP/ZAMJENA/ZALAGAONICA *Sve na jednom mjestu MixSHOP*,trgovine,apple iphone 11 white bijeli kao nov garancija zamjena baterija 86%,Splitsko-dalmatinska,rabljeno,435, sve na jednom mjestu mixshop prodaje se apple iphone 11 mobitel kratko koristen uredjaj perfektno stanje kao novo originalna oprema kutija i sve ostalo zdravlje baterije 86% tvornicki otkljucan na sve mreze garancija na sve nase uredjaje vrsimo i zamjenu staro za novo novo za staro i sve ostale kombinacije uz dogovorenu nasu ili vasu nadoplatu kontakt telefoni tel 1 00385 95 3 666 666 zbog problema sa mrezom na ovom broju trenutno nismo u mogucnosti odgovarati na telefonske pozive ali whatsapp i viber su uvijek dostupni tel 2 00387 63 066 666 ovaj broj je dostupan za sve tel. poziv whatsapp viber web stranica www.mixshop6.com facebook stranica mixshop instagram profil mixshop ljubuski vrsimo i slanje brzom postom placanje pri preuzimanju paketa. troskove dostave je potrebno uplatiti prije samog slanja paketa kao osiguranje da ce posiljka biti preuzeta naruceni proizvod placate pri preuzimanju. za narudzbu trebate ostaviti vase ime i prezime adresu broj telefona,35411206,04.12.2023.,1070
134,PRODAJA/OTKUP/ZAMJENA/ZALAGAONICA *Sve na jednom mjestu MixSHOP*,trgovine,apple iphone 11 64gb red crveni kao nov garancija zamjena da 64gb,Splitsko-dalmatinska,rabljeno,435, sve na jednom mjestu mixshop prodaje se apple iphone 11 64gb 64 gb mobitel kratko koristen uredjaj perfektno stanje kao novo originalna oprema kutija i sve ostalo tvornicki otkljucan na sve mreze garancija na sve nase uredjaje vrsimo i zamjenu staro za novo novo za staro i sve ostale kombinacije uz dogovorenu nasu ili vasu nadoplatu kontakt telefoni tel 1 00385 95 3 666 666 zbog problema sa mrezom na ovom broju trenutno nismo u mogucnosti odgovarati na telefonske pozive ali whatsapp i viber su uvijek dostupni tel 2 00387 63 066 666 ovaj broj je dostupan za sve tel. poziv whatsapp viber web stranica www.mixshop6.com facebook stranica mixshop instagram profil mixshop ljubuski vrsimo i slanje brzom postom placanje pri preuzimanju paketa. troskove dostave je potrebno uplatiti prije samog slanja paketa kao osiguranje da ce posiljka biti preuzeta naruceni proizvod placate pri preuzimanju. za narudzbu trebate ostaviti vase ime i prezime adresu broj telefona,35410520,04.12.2023.,978
135,DominickV,oglasivaca,iphon 11 128gb,Primorsko-goranska,rabljeno,250,iphon 11 sa 128gb mobitel ima 76% kapaciteta baterije u dobrom je stanju bez ogrebotina na ekranu i zadnjoj strani.,42194860,04.12.2023.,108
136,Josipa050819,oglasivaca,iphone 11 64gb u izvrsnom stanju bez ogrebotine,Osječko-baranjska,rabljeno,250,prodajem iphone 11 64gb mobitel je od prvog dana u maskici i kaljenom staklu nema tragova koristenja. uz mobitel poklanjam 4 maskice. cijena se moze sitno korigirati.,42190833,03.12.2023.,432
137,krampus37,oglasivaca,iphone 11 256gb purple,Krapinsko-zagorska,rabljeno,300,prodajem potpuno ocuvani iphone 11 sa 256gb purple. stanje odlicno od prvog dana u maskici baterija originalna na 75%. nema adapter dolazi u original pakiranju. cijena fiksna,42188688,03.12.2023.,87
138,stefanh,oglasivaca,iphone 11 64gb baterija 99% 10 10 crni,Grad Zagreb,rabljeno,350,prodajem rabljeni iphone 11 64gb kapacitet baterije 99% prva jako malo koristen boja crna,41777089,03.12.2023.,698
139,VanjaW12,oglasivaca,iphone 11,Grad Zagreb,rabljeno,230,u savrsenom stanju nema niti crtice uz njega dolazi kutija i punjac i deset maskica face id radi icloud otkljucan,40888302,03.12.2023.,2424
140,Marioi24,oglasivaca,iphone 11 64 gb product red,Bjelovarsko-bilogorska,rabljeno,250,prodajem ili mijenjam za neki drugi uredaj. uredaj potpuno ispravan i sve radi na njemu. icloud cist face id radi. za vise info javite se.,42186095,02.12.2023.,70
141,marijakrznaric,oglasivaca,iphone 11 64gb,Grad Zagreb,rabljeno,250,prodajem svoj iphone 11 crvene boje 64 gb. stanje baterije je 75%. mobitel izvrsno radi u odlicnom je stanju jako ocuvan osim sto ima male dvije male tockice gore sto se moze vidjeti na slici. uz mobitel dolazi i kutija te punjac. cijena je 250 . moguc dogovor i primopredaja u zagrebu.,42185543,02.12.2023.,279
142,stipebalen,oglasivaca,maskice za iphone 11,Sisačko-moslavačka,rabljeno,5,prodajem 4 maskice koje mi ne trebaju. sve su u dobrom stanju mali znakovi trosenja. cijene 1. apple zuta 10 apple silikonska kvalitetna 2. maskirna 10 stiti cijeli dio kamere dobra zastita i dosta debela 3. apple crna 5 najistrosenija od svih s razlogom 4. crna obicna 8 debela dobra zastita najmanje koristena ,42184777,02.12.2023.,33
143,Aplikacija_Vinkovci,trgovine,apple iphone 11 81%,Vukovarsko-srijemska,rabljeno,250,jamstvo 3 mjeseca stanje uredjaja rabljeno boja na upit opcije placanja gotovina kartice moguce placanje na rate karticama pbz erste i zagrebace banke do 12 rata navedene cijene su iskljucivo za gotovinsko placanje moguce zamjene za skuplje i jeftinije izdavanje r1 racuna zastitna stakla 7 00 uv zastitna stakla 20 00 silikonske maske 6 00 preklopne torbice 10 00 obratite nam se za vise informacija 098 423 074 facebook.com aplikacijavk instagramcom aplikacija vinkovci dostava i nacin placanja placanje pri preuzimanju pouzecem uplata preko racuna osobno preuzimanje u poslovnici u vinkovcima aplikacija vinkovci,36085517,02.12.2023.,3192
144,KillaBEEZ,oglasivaca,iphone 11 crni punjac space gray,Osječko-baranjska,rabljeno,280,apple iphone 11 space gray tamno siva boja koristen kao sluzbeni telefon. tijekom koristenja uvijek je bio u silikonskoj futroli. punjac je zamjenski i kabl je pri vrhu izoliran ali puni bez prekidanja. baterija radi vrlo dobro i telefon nema ostecenja. 64gb iphone 11 datum kupnje kolovoza 2020 serijski broj fk1cw5fdn735 saljem postom putem tiska kako god odgovara.,41937405,02.12.2023.,195
145,mihajlo83,oglasivaca,iphone 11 128g crveni prodaja i zamjena ,Vukovarsko-srijemska,rabljeno,260,iphone 11 sacuvan mogucnost zamjene za iphone 12 iili 13,41546387,01.12.2023.,284
146,dijanaaaaaa,oglasivaca,iphone11,Grad Zagreb,rabljeno,250,dobro ocuvan star oko 2 godine,42175532,01.12.2023.,314
147,matkononkovic,oglasivaca,iphone 11 64gb bijeli kao nov ,Šibensko-kninska,rabljeno,300,prodajem iphone 11 kupljen 8.7.2021. u telemachu. uredjaj je u perfektnom stanju te zadnja 4 mjeseca nije bio koristen. kapacitet baterije je 86%. na ekranu je zastitno staklo koje bi se moglo mijenjati radi estetike kao sto se vidi na fotografijama no ekran nema ni jedne ogrebotine. sa uredjajem dolazi i novi originalni punjac s kabelom kupljen u 8. mjesecu 2023. te 5 razlicitih maskica. cijena je 300 eur uredjaj je zaista pazen i prodaje se iskljucivo jer je visak. zvati iza 18h radnim danom ili na whatsapp. 091 536 7671,41797051,01.12.2023.,168
148,Nane551,oglasivaca,iphone 11 64gb,Splitsko-dalmatinska,rabljeno,249,iphone u odlicnom stanju u mom vlasnistvu zadnje dvije godine,42170131,01.12.2023.,196
149,mz405,oglasivaca,iphone 11 64gb,Istarska,rabljeno,180,prodajem iphone 11 64 gb bijeli u dobrom stanju. mobitel je ocuvan uvijek je bio u maskici i zastitnom staklu. baterija na 77% zdravlja. mobitel ima manje ostecenje ekrana u doljnjem lijevom kutu ali je jedva primjetno. za vise info inbox.,42169954,01.12.2023.,175
150,pisko100,oglasivaca,iphon 11,Grad Zagreb,rabljeno,250,iphone 11 64 gb kao nov sa original ambalazom.sivi.ne odgovaram na poruke.,42166019,30.11.2023.,594
151,gpek,oglasivaca,iphone 11 64 gb,Osječko-baranjska,rabljeno,300,prodajem iphone 11 od 64 gb u savrsenom stanju potpuno ispravan bez ogrebotine nikada razbijan i vrlo ocuvan. zdravlje baterije 86%. uz mobitel poklanjam tri maskice. samo prodaja bez zamijene.,42165157,30.11.2023.,82
152,PRODAJA/OTKUP/ZAMJENA/ZALAGAONICA *Sve na jednom mjestu MixSHOP*,trgovine,apple iphone 11 red crveni kao nov garancija zamjena da baterija 100%,Splitsko-dalmatinska,rabljeno,475, prodaja otkup zamjena zalagaonica sve na jednom mjestu mixshop prodaje se apple iphone 11 mobitel kratko koristen uredjaj perfektno stanje kao novo originalna oprema kutija i sve ostalo zdravlje baterije 100% tvornicki otkljucan na sve mreze garancija na sve nase uredjaje vrsimo i zamjenu staro za novo novo za staro i sve ostale kombinacije uz dogovorenu nasu ili vasu nadoplatu kontakt telefoni tel 1 00385 95 3 666 666 zbog problema sa mrezom na ovom broju trenutno nismo u mogucnosti odgovarati na telefonske pozive ali whatsapp i viber su uvijek dostupni tel 2 00387 63 066 666 ovaj broj je dostupan za sve tel. poziv whatsapp viber web stranica www.mixshop6.com facebook stranica mixshop instagram profil mixshop ljubuski vrsimo i slanje brzom postom placanje pri preuzimanju paketa. troskove dostave je potrebno uplatiti prije samog slanja paketa kao osiguranje da ce posiljka biti preuzeta naruceni proizvod placate pri preuzimanju. za narudzbu trebate ostaviti vase ime i prezime adresu broj telefona takodjer na stanju imamo i sve originalne mobitele od najstarijih do najnovijih cjelokupnu ponudu pogledajte jednim klikom na svi oglasi ove trgovine moze i razna vrsta zamjene uz nasu ili vasu nadoplatu kako se dogovorimo.,35411187,30.11.2023.,1133
153,PRODAJA/OTKUP/ZAMJENA/ZALAGAONICA *Sve na jednom mjestu MixSHOP*,trgovine,apple iphone 11 128gb green zeleni kao nov garancija zamjena da 128,Splitsko-dalmatinska,rabljeno,499, sve na jednom mjestu mixshop prodaje se apple iphone 11 128gb 128 gb mobitel kratko koristen uredjaj perfektno stanje kao novo originalna oprema kutija i sve ostalo tvornicki otkljucan na sve mreze garancija na sve nase uredjaje vrsimo i zamjenu staro za novo novo za staro i sve ostale kombinacije uz dogovorenu nasu ili vasu nadoplatu kontakt telefoni tel 1 00385 95 3 666 666 zbog problema sa mrezom na ovom broju trenutno nismo u mogucnosti odgovarati na telefonske pozive ali whatsapp i viber su uvijek dostupni tel 2 00387 63 066 666 ovaj broj je dostupan za sve tel. poziv whatsapp viber web stranica www.mixshop6.com facebook stranica mixshop instagram profil mixshop ljubuski vrsimo i slanje brzom postom placanje pri preuzimanju paketa. troskove dostave je potrebno uplatiti prije samog slanja paketa kao osiguranje da ce posiljka biti preuzeta naruceni proizvod placate pri preuzimanju. za narudzbu trebate ostaviti vase ime i prezime adresu broj telefona cjelokupnu ponudu pogledajte jednim klikom na svi oglasi ove trgovine ,35410471,30.11.2023.,1149
154,PRODAJA/OTKUP/ZAMJENA/ZALAGAONICA *Sve na jednom mjestu MixSHOP*,trgovine,apple iphone 11 yellow zuti kao nov garancija zamjena baterija 100%,Splitsko-dalmatinska,rabljeno,475, sve na jednom mjestu mixshop prodaje se apple iphone 11 mobitel kratko koristen uredjaj perfektno stanje kao novo originalna oprema kutija i sve ostalo zdravlje baterije 100% tvornicki otkljucan na sve mreze garancija na sve nase uredjaje vrsimo i zamjenu staro za novo novo za staro i sve ostale kombinacije uz dogovorenu nasu ili vasu nadoplatu kontakt telefoni tel 1 00385 95 3 666 666 zbog problema sa mrezom na ovom broju trenutno nismo u mogucnosti odgovarati na telefonske pozive ali whatsapp i viber su uvijek dostupni tel 2 00387 63 066 666 ovaj broj je dostupan za sve tel. poziv whatsapp viber web stranica www.mixshop6.com facebook stranica mixshop instagram profil mixshop ljubuski vrsimo i slanje brzom postom placanje pri preuzimanju paketa. troskove dostave je potrebno uplatiti prije samog slanja paketa kao osiguranje da ce posiljka biti preuzeta naruceni proizvod placate pri preuzimanju. za narudzbu trebate ostaviti vase ime i prezime adresu broj telefona cjelokupnu ponudu pogledajte jednim klikom na svi oglasi ove trgovine ,35411214,30.11.2023.,1105
155,PRODAJA/OTKUP/ZAMJENA/ZALAGAONICA *Sve na jednom mjestu MixSHOP*,trgovine,apple iphone 11 64gb black crni kao nov garancija zamjena da 64gb,Splitsko-dalmatinska,rabljeno,435, sve na jednom mjestu mixshop prodaje se apple iphone 11 64gb 64 gb mobitel kratko koristen uredjaj perfektno stanje kao novo originalna oprema kutija i sve ostalo tvornicki otkljucan na sve mreze garancija na sve nase uredjaje vrsimo i zamjenu staro za novo novo za staro i sve ostale kombinacije uz dogovorenu nasu ili vasu nadoplatu kontakt telefoni tel 1 00385 95 3 666 666 zbog problema sa mrezom na ovom broju trenutno nismo u mogucnosti odgovarati na telefonske pozive ali whatsapp i viber su uvijek dostupni tel 2 00387 63 066 666 ovaj broj je dostupan za sve tel. poziv whatsapp viber web stranica www.mixshop6.com facebook stranica mixshop instagram profil mixshop ljubuski vrsimo i slanje brzom postom placanje pri preuzimanju paketa. troskove dostave je potrebno uplatiti prije samog slanja paketa kao osiguranje da ce posiljka biti preuzeta naruceni proizvod placate pri preuzimanju. za narudzbu trebate ostaviti vase ime i prezime adresu broj telefona cjelokupnu ponudu pogledajte jednim klikom na svi oglasi ove trgovine ,35410515,30.11.2023.,950
156,SOPOT88,oglasivaca,iphone 11 uscuvan s originalnom kutijom povoljno prodajem,Grad Zagreb,rabljeno,250,izvrstan uredjaj 64 gb dobra baterija originalna kutija hitno prodajem. imam dva komada,41503291,30.11.2023.,856
157,IML,oglasivaca,iphone 11 64 gb crni,Grad Zagreb,rabljeno,349,stanje 10 10 otkljucan na sve mreze. stanje baterije 99%.,40888670,30.11.2023.,960
158,MasterOS,oglasivaca,iphone 11 64 gb purple,Osječko-baranjska,rabljeno,400,prodajem iphone 11 purple kupljen 2020 god. baterija 85 %,41678341,30.11.2023.,135
159,Bobi1301,oglasivaca,iphone 11 64gb black,Primorsko-goranska,rabljeno,180,mobitel u dobrom stanju vidljivi tragovi koristenja baterija na 73% moguca zamjena za macbook air uz moju nadoplatu. mobitel se moze preuzeti u rijeci delnicama ili karlovcu,42151646,29.11.2023.,287
160,FrkovicKristina,oglasivaca,prodajem iphone 11 64 gb,Grad Zagreb,rabljeno,249,prodajem iphone 11 kupljen preko a1 nikada razbijen uredno ocuvan. uz telefon poklanjam i maskicu gratis.,42151124,29.11.2023.,628
161,MZec3011,oglasivaca,prodajem iphone 11,Primorsko-goranska,rabljeno,330,prodajem iphone 11 u odlicnom stanju uz njega i punjac original i kutija.,42150978,29.11.2023.,50
162,tomantiva,oglasivaca,iphone 11 purple 256gb stanje odlicno,Splitsko-dalmatinska,rabljeno,300,u odlicnom stanju,42150398,29.11.2023.,84
163,mistom,oglasivaca,iphone 11 128 gb ,Grad Zagreb,rabljeno,350,prodajem bijeli iphone 11 kupljen sredinom 2020. godine. baterija traje otprilike jedan dan intenzivnijeg koristenja surfanje web om streamanje videa igranje igrica . screenshot sa stanjem baterije je medju fotografijama oglasa. memorija za pohranjivanje 128 gb nisam zainteresiran za zamjene. vise tehnickih detalja o samom uredjaju https www.gsmarena.com apple iphone 11 9848.php a2221,41030622,29.11.2023.,1690
164,kivec,trgovine,iphone 11 128gb bijeli,Šibensko-kninska,rabljeno,330,ocuvan u odlicnom stanju 9 10 samo pokoja sitna ogrebotinica po staklu cijelo vrijeme u maski zdravlje baterije 87%. bez punjaca dajem maskicu koja je na njemu cijelo vrijeme.,42148398,29.11.2023.,70
165,torsag,oglasivaca,iphone 11,Krapinsko-zagorska,rabljeno,400,prodaje se iphone 11 kupljen u njemackoj. star 2 5 godine.. uscuvan stanje 9 10. cijelo vrijeme u zastitnoj masci. ios 17.3 maskica na poklon zaatita za kameru uz mobiteli se prodaje i apple watch 3..takoder uscuvan slabo koristen.. sve zajedno u paketu,41654127,29.11.2023.,240
166,Astrodat2,oglasivaca,apple iphone 11 128gb space grey,Grad Zagreb,rabljeno,270,prodajem rabljeni smartphone uredjaj apple iphone 11 128gb space grey. uredjaj je u maksimalno ocuvanom stanju bez vidljivih ostecenja i sa svom pripadajucom opremom kao sto se i vidi na video snimci. od prvog dana uredjaj ima zastitno prednje staklo i silikonsko kuciste. novo staklo i novo kuciste dobivate na poklon. baterija je na 87% battery health a uredjaj je star tri godine i potpuno ispravan. liquid retina hd display 6.1 inch diagonal all screen lcd multi touch display with ips technology 1792 by 828 pixel resolution at 326 ppi 1400 1 contrast ratio typical true tone display wide color display p3 haptic touch 625 nits max brightness typical fingerprint resistant oleophobic coating support for display of multiple languages and characters simultaneously a13 bionic chip 6 core cpu with 2 performance and 4 efficiency cores 4 core gpu 8 core neural engine dual 12mp ultra wide and wide cameras ultra wide 2.4 aperture and 120 field of view wide 1.8 aperture 2x optical zoom out digital zoom up to 5x portrait mode with advanced bokeh and depth control portrait lighting with six effects natural studio contour stage stage mono high key mono optical image stabilization wide five element lens ultra wide six element lens wide true tone flash with slow sync panorama up to 63mp sapphire crystal lens cover 100% focus pixels wide night mode wide deep fusion wide next generation smart hdr for photos wide color capture for photos and live photos advanced red eye correction auto image stabilization burst mode photo geotagging image formats captured heif and jpeg 4k video recording at 24 fps 25 fps 30 fps or 60 fps 1080p hd video recording at 25 fps 30 fps or 60 fps 720p hd video recording at 30 fps extended dynamic range for video up to 60 fps optical image stabilization for video wide 2x optical zoom out digital zoom up to 3x audio zoom true tone flash quicktake video slo mo video support for 1080p at 120 fps or 240 fps time lapse video with stabilization cinematic video stabilization 4k 1080p and 720p continuous autofocus video take 8mp still photos while recording 4k video playback zoom video formats recorded hevc and h.264 stereo recording video formats supported hevc h.264 mpeg 4 part 2 and motion jpeg supports dolby vision hdr10 and hlg airplay mirroring photos and video out to apple tv 2nd generation or later 7 video mirroring and video out support up to 1080p through lightning digital av adapter and lightning to vga adapter adapters sold separately ,42143359,28.11.2023.,629
167,wibert,oglasivaca,iphone 11 zamjena za i watch se,Grad Zagreb,rabljeno,350,11 u super stanju ispravan prodajem mijenjam za trimer i puhalicu,40098395,28.11.2023.,534
168,slavonskibrod1512,oglasivaca,iphone 11 128 gb,Grad Zagreb,rabljeno,300,pozdrav prodajem iphone 11 potpuno ocuvan. nema nikakvih ogrebotina ostecenja i sl. kupljen u njemackoj uz njega dolaze slusalice i kabal potpuno novi nikad koristeni. zdravlje baterije 81%. mobitel je cijelo vrijeme bio u maskicama tako da stvarno nema nikakvih ostecenja a zastitno staklo je jos na njemu. moguce preuzimanje u zagrebu,42142370,28.11.2023.,619
169,IvicaTomic_nv,oglasivaca,iphone 11 64gb bijeli,Primorsko-goranska,rabljeno,240, kupljen u a1 u 09 2020. mobitel je vrlo dobro ocuvan radi besprijekorno. radi na sve mreze nikada razbijen nista na njemu nije mijenjano ima nekoliko sitnih ogrebotina koje se ne vide kod koristenja mobitela. uz mobitel adapter nije original original kabel iglica i slusalice kapacitet baterije 79% mobitel je vracen na tvornicke postavke. primopredaja ili slanje dostavnom sluzbom po vasem odabiru molim kontakt pozivom ili porukom na br telefona 095 8732931,41890085,28.11.2023.,313
170,ddelimar,oglasivaca,iphone 11 bijeli,Varaždinska,rabljeno,290,prodajem iphone 11 mobitel sa 64 gb memorije. kupljen je u 6. mjesecu 2021. godine. potpuno ispravan. na ekranu bez znakova koristenja bez ogrebotina. uz njega dobivate originalnu kutiju i punjac. uz mobitel poklanjaju se i cetiri maskice. stanje baterije je 83%. prodaja zbog kupnje novog mobitela. prva vlasnica. osobno preuzimanje u varazdinu i okolici.,41353995,28.11.2023.,318
171,miry9,oglasivaca,iphone 11 crni 2 mobitela u paketu,Grad Zagreb,rabljeno,400,prodajem koristen potpuno ispravan i neostecen iphone 11 128 gb.stanje baterije 78%. punjac u paketu huawei p 30 lite i samsung galaxy a10. sva tri mobitela zajedno nema pojedinacno.,41150858,28.11.2023.,1005
172,Shoeresellzg,oglasivaca,iphone 11 64gb 84% baterija fiksna cijena,Grad Zagreb,rabljeno,160,iphone 11 64gb sve radi face id icloud otkljucan na sve mreze jedini minus koji ima uredaj je ogrebotina na prednjem staklu ne primjeti se dok se koristi uredaj moguce slanje postom ali postarinu placa kupac iz iskustva 6 10 bez zamjena tko je zainteresiran moze slobodno poslati poruku ovdje ili na whatsapp,42135872,27.11.2023.,429
173,IgoorrRi,oglasivaca,iphone 11 64gb.,Primorsko-goranska,rabljeno,300,odlicno ocuvan sa svim papirima i dodacima punjac dodatni kabel sa usb utorom za punjenje iglica za otvaranje utora za karticu.baterija na 99% moguca dostava u rijeci i blizoj okolici.,42133833,27.11.2023.,77
174,lucijat2335,oglasivaca,apple iphone 11 64gb crni,Grad Zagreb,rabljeno,220,prodajem rabljeni iphone 11 crne boje s memorijom od 64gb. mobitel je vrlo dobro ocuvan na njemu je sve ispravno i radi besprijekorno. nikada razbijen ili slomljen ali ima nekoliko vrlo sitnih ogrebotina koje se ne vide pri koristenju mobitela. dolazi u originalnoj kutiji s originalnim punjacem adapterom i kabelom slusalicama i sim iglicom. radi na sve mreze. kapacitet baterije 78% mobitel je vracen na tvornicke postavke. uz mobitel poklanjam i 4 maskice obicnu prozirnu i bijelu te crnu i sarenu s vrpcama za oko vrata. primopredaja u zagrebu. cijena nije fiksna molim ozbiljne kupce da me kontaktiraju pozivom ili sms om na broj mobitela 0958312523,41886379,27.11.2023.,1033
175,Gogi13,oglasivaca,iphone 11 dijelovi,Istarska,rabljeno,15,ispravni rabljeni dijelovi za iphone 11. maticna ploca bez iclouda 128gb 150 ekran novi zamjenski 100 kuciste bijelo crno 30 konektor punjenja 15 glavna kamera 30 sim citac 20 sim ladica 10 glavni zvucnik 10 ,42129109,27.11.2023.,94
176,antilopa2,oglasivaca,iphone 11 black 64gb,Koprivničko-križevačka,rabljeno,400,prodajem iphone 11 black 64gb na njemu je zastitno staklo od kad je kupljen i trenutno jos uvijek. sa bocne strane vidljive mrlje ali ne znam od cega jer nije vadjen iz maskice. uz njega gratis maska adri merch . zdravlje baterije 79% cijena nije fiksna,42125295,26.11.2023.,53
177,michaeltordinac,oglasivaca,iphone 11 64gb,Osječko-baranjska,rabljeno,270,prodajem iphone 11 64gb mobitel je ocuvan kao sto se vidi i na slikama uz mobitel ide punjac i maskice. za sve ostale inf. javite se porukom. baterija 80% cijena 270e,41547839,26.11.2023.,355
178,anton175,oglasivaca,iphone 11 64gb stanje kao novo bez tragova koristenja,Vukovarsko-srijemska,rabljeno,300,prodajem mobitel iphone 11 bijeli 64gb u izvrsnom stanju bez ikakvih ostecenja i ogrebotina. vise fotografija saljem na upit. mobitel dolazi s kutijom s kojom je kupljen te pripadajucim stvarima koja sadrzi. zdravlje baterije je 81%. mobitel je zaista kao nov i cijena je 300eura. cijena nije fiksna. odgovaram samo na ozbiljne upite nalazi se u vinkovcima. kontakt telefon saljem na upit.,42125022,26.11.2023.,72
179,PandoraRise,oglasivaca,iphone 11 black 64gb 84% baterije,Zagrebačka,rabljeno,240,rabljeni iphone 11 64gb. battery health 84% ima manju ogrebotinu ekrana koja se vidi jedino kada je ekran ugasen. uredjaj dolazi s punjacem i iglom za otvaranje ladice za sim karticu. za vise informacija javiti se na whatsapp ili pozivom na broj naveden dolje. ne trazim zamjenu za drugi uredjaj.,42125010,26.11.2023.,452
180,nikahajnic1,oglasivaca,iphone 11 64 gb,Grad Zagreb,rabljeno,180,prodajem iphone 11 64 gb koristen vidljivi tragovi ostecenja slike sve ispravno radi zdravlje baterije 75% uz njega dolazi istyle punjac bez adaptera,42124178,26.11.2023.,677
181,BrunoMamic6,oglasivaca,prodajem iphone 11,Grad Zagreb,rabljeno,170,iphone 11 crn zdravlje baterije dobro stanje,42123308,26.11.2023.,715
182,Lanaaa_,oglasivaca,iphone 11 64gb crni,Grad Zagreb,rabljeno,250,savrseno ocuvan 85% zdravlje baterije original kabel za punjenje i kutija,42120643,26.11.2023.,704
183,STRIKOGT,oglasivaca,iphon 11,Splitsko-dalmatinska,rabljeno,300,prodajem iphon 11 64gb stanje kao nov,42115061,25.11.2023.,85
184,maminjo4444,oglasivaca,iphone 11 64mb,Splitsko-dalmatinska,rabljeno,270,iphone 11 64 mb 75% baterija ocuvan maksimalno kao nov kutija i slusalice,41500371,25.11.2023.,357
185,tesi8,oglasivaca,iphone 11 black 64gb,Vukovarsko-srijemska,rabljeno,300,hitno 87% baterija sve u redu osobno pogledati vinkovci otok slanje postom nakon uplate ,42097512,23.11.2023.,44
186,cmrljavi,oglasivaca,iphone11 128 gb,Grad Zagreb,rabljeno,250,iphone 11 128 gb.star 2 god. zdravlje baterije 83% ima jedva vidljivu ogrebotinu u gornjem lijevom kutu.mobitel dolazi sa kutijom racunom i bez punjaca.092 1942060,41735472,23.11.2023.,824
187,atb1,oglasivaca,iphone 11 256 gb zamjena za honor 70,Osječko-baranjska,rabljeno,300,prodajem iphone u dobrom stanju. baterija promjenjena prije mjesec dana ali nije original. uz iphone ide maska kabel punjac i kutija. moguca zamjena za honor 70 90,41808394,23.11.2023.,180
188,sole1998,oglasivaca,iphone 11 64gb,Grad Zagreb,rabljeno,210,prodajem crni iphone 11 64 gb zdravlje baterije 74% dolazi u original kutiji no bez slusalica. adapter za punjac ukljucen no bez kabla. na slikama vidljivi tragovi koristenja kupljen u t comu 1.7.2020. na mobitelu sve radi normalno prodaje se zbog kupnje novog modela. maskica gratis uz kupnju. moguc dogovor oko cijene 0995480440,42088331,22.11.2023.,883
189,GMT,oglasivaca,iphone 11 128 gb,Grad Zagreb,rabljeno,350,iphone 11 128 gb kao nov bez ostecenja. preuzimanje u zagrebu,39239018,22.11.2023.,1270
190,Snjezanakolovoz,oglasivaca,apple iphone 11 64gb crni,Osječko-baranjska,rabljeno,300,stanje mobitela kao novo bez ogrebotina kupljen u servisu prije godinu dana uz mobitel se dobije 5 maskica i kabel nije original zdravlje baterije 82%,42086910,22.11.2023.,69
191,FrViNi,oglasivaca,iphone11 64gb,Grad Zagreb,rabljeno,290,iphone11 64gb nema nikakvih ostecenja zdravlje baterije 85%,42072507,22.11.2023.,568
192,Ta-Na,oglasivaca,iphone 11 iphone se,Primorsko-goranska,rabljeno,350,prodajem iphone 11 64gb u odlicnom stanju koristen manje od godinu dana bez ikakve ogrebotine i ostecenja. idealan kao poklon za nadolazece blagdane zdravlje baterije je 97% 350 takodjer prodajem i iphone se 64 gb isto bez ogrebotine i ostecenja. zdravlje baterije 90% jako malo koristen 170 preuzimanje u rijeci i okolici. tel 0953950785,42069669,21.11.2023.,99
193,mat2755,oglasivaca,iphone 11 64gb crni,Grad Zagreb,rabljeno,200,prodajem iphone 11 sa 64gb memorije kapacitet baterije je 74% ali drzi cijeli dan dolazi sa orginalnom kutijom face id radi otkljucan na sve mreze icloud otkljucan i vracen na tvornicke postavke. ima par ogrebotina po rubovima ali prednje staklo nema niti jedne ogrebotine. cijena nije fiksna.,42067404,21.11.2023.,1111
194,egal,oglasivaca,iphone 11 64gb,Grad Zagreb,rabljeno,250,mobitel maksimalno uscuvan i sa minimalnim tragovima koristenja. nova zamjenska baterija.,42067208,21.11.2023.,609
195,ivkoni,oglasivaca,iphone 11 90% baterija,Grad Zagreb,rabljeno,270,prodajem iphone 11 64gb i 90% zdravlje baterije.sve radi na telefonu baterija nije menjana face id radi i nema nikakvih ostecenja.,42066540,21.11.2023.,598
196,ivonaa2109,oglasivaca,iphone 11 128gb stanje 10 10,Grad Zagreb,rabljeno,380,iphone 11 128gb stanje 10 10 kupljen u t centru. na ekranu je zastitno staklo te uz mobitel poklanjam i sve maskice i jos jedan kabel za punjenje duzine 2m za vise informacija posaljite poruku na 0976615655 ili na ivonaa2109 gmail.com,41684447,09.11.2023.,376
197,"Ab mobile d.o.o- trgovina,gsm,elektronika,informatika,dijelovi",trgovine,apple iphone 11 128gb green rabljen nov lcd i nekodirana baterija ,Istarska,rabljeno,270,apple iphone 11 128gb green rabljen nov lcd i nekodirana baterija detaljni opis artikla dostupan na nasem webshop u https www.ab mobiteli.com mobiteli uredjaji rabljeni mobiteli used mobilephones apple iphone 11 128gb green rabljen nov lcd i nekodirana baterija ,41504643,25.09.2023.,247
